OTU	SMPL_A22	SMPL_A33	SMPL_A9	SMPL_A12	SMPL_A13	SMPL_A15	SMPL_A16	SMPL_A17	SMPL_A18	SMPL_A19	SMPL_A20	SMPL_A21	SMPL_A23	SMPL_A24	SMPL_A25	SMPL_A36	SMPL_A5	SMPL_A7	SMPL_A14	SMPL_A41	SMPL_A42	SMPL_A44	SMPL_A47	SMPL_A48	SMPL_A52	SMPL_A53	SMPL_A54	SMPL_A56	SMPL_A57	SMPL_A58	SMPL_A59	SMPL_A3
OTU_1	17338	1117	12756	3592	12335	9636	16229	1739	4079	1150	187	3327	12031	10385	9826	3848	6051	3032	2863	6001	9476	5291	13305	1212	7289	9302	2183	6614	2050	1886	1491	1362
OTU_2	1	1616	2	2766	1	254	2497	4320	4523	2319	844	4941	6003	4460	7033	2848	3574	3	1241	7774	5313	4828	1036	5393	1091	3238	801	7396	3774	2514	5290	4047
OTU_3	2	505	2	957	1053	1375	6	1654	4136	1949	7355	2656	2425	2717	8375	6997	252	313	3696	4129	2071	6911	1570	981	1459	3134	1295	1006	191	2190	1352	5902
OTU_4	0	97	2018	7	82	8	2476	15	9516	856	966	5931	9	3325	672	352	479	461	1299	1809	1254	4463	243	273	15	419	178	4178	276	581	398	882
OTU_5	0	0	8790	0	24	4107	11	3622	9209	444	9792	524	0	78	1963	6	252	0	830	7	0	667	62	6	998	0	1099	13	2	0	3	578
OTU_6	14	44	4605	748	721	56	46	3779	237	295	1103	136	653	1127	162	196	785	1264	994	534	463	159	2214	1614	1610	1869	6820	90	427	1423	2295	655
OTU_7	1	3375	0	1853	327	1	1	3	1	1	1	720	0	0	5758	1649	593	14	4118	2021	620	2	650	3202	404	1134	1414	1035	165	349	151	1332
OTU_8	1	821	54	868	1637	3081	5	1595	3	219	2	850	0	8	1	1557	140	86	892	2149	1297	2	71	2085	642	1554	1783	15	772	1327	1455	814
OTU_9	141	732	220	228	84	2657	119	495	358	179	318	152	2020	738	124	1612	851	677	163	3662	1102	387	626	725	907	333	314	32	249	329	686	428
OTU_10	2141	0	139	522	2046	6064	1304	56	49	343	1313	45	2	203	21	73	1	1162	2556	31	468	16	0	148	18	97	19	25	38	10	36	1568
OTU_11	217	208	669	190	383	926	306	1632	1466	422	313	1305	409	1577	914	800	213	239	226	612	727	815	435	584	349	232	604	223	1127	729	887	306
OTU_12	0	1746	1307	1459	418	920	1	5	0	586	733	287	665	1240	851	434	370	159	630	1271	659	250	320	1149	369	806	351	633	210	312	866	277
OTU_13	0	992	0	513	1008	1917	4	18	0	2022	1	1340	0	0	1	752	549	437	0	2590	1348	0	2145	1	414	1	1	1391	1369	2	207	2
OTU_14	0	159	1	0	2579	11387	33	1	1	0	2	0	0	1	0	2327	0	0	1	2	1	1	0	2	2	1	7	1	2	671	1473	0
OTU_15	2	0	0	2507	743	2	1	0	4	0	0	1	1	157	0	65	3901	4	0	0	4	0	0	12	3	2	0	0	11182	10	1	0
OTU_16	0	206	1	0	4019	48	552	8	0	475	0	3	4	4837	1	98	178	812	0	227	3	3827	38	24	2	3	500	6	0	1	242	1180
OTU_17	0	105	0	62	1	0	1	1932	0	153	2172	24	694	11	239	699	62	139	6072	4	1	0	347	331	179	976	1358	6	141	1164	216	61
OTU_18	31	149	86	1199	1	13	63	821	8	846	1944	583	516	997	704	152	257	503	1537	1258	331	757	51	653	259	94	606	91	655	825	696	106
OTU_19	271	4	442	92	608	315	1719	76	13	832	0	398	1076	112	566	71	73	91	35	842	344	576	3544	42	1364	1849	273	210	158	505	195	34
OTU_20	35	222	1350	417	1134	21	6	583	591	412	1284	332	70	1435	1305	284	528	235	286	321	738	346	593	462	214	382	459	94	592	315	837	173
OTU_21	0	282	1	0	1	0	1	1317	44	1559	0	0	1	3	1	579	138	2490	1490	2	0	1	1	1220	488	286	0	1	11	2	1167	2237
OTU_22	1	409	0	0	1	0	0	171	5796	17	5	0	3080	1	0	1190	0	417	0	512	0	0	6	538	0	6	64	1	5	1	148	0
OTU_23	1	1013	20	1242	823	164	96	24	8	1138	12	779	27	248	340	954	2	181	1335	248	400	18	142	338	36	271	126	207	21	326	174	592
OTU_24	0	342	0	987	1	5	2	665	170	1329	29	184	0	51	221	184	110	1	80	1918	332	264	482	950	1	213	431	1	328	377	440	879
OTU_25	0	0	0	6	0	0	0	0	1	0	0	0	1	0	0	2	0	5351	0	0	0	0	958	4327	2	8	0	1	2	0	304	0
OTU_26	0	96	2	667	1	1565	4	673	0	712	698	574	0	3	281	237	62	86	496	420	62	83	92	378	71	5	1995	2	113	338	249	342
OTU_27	0	938	0	0	2	0	0	35	0	0	0	36	2247	0	0	0	0	1002	1	0	0	69	86	87	0	198	5	1945	0	4	118	2273
OTU_28	0	109	675	178	150	668	524	57	104	196	1	56	4	528	24	504	6	44	11	17	679	3031	1	42	676	420	25	13	1	88	63	33
OTU_29	34	1034	62	60	1617	494	352	57	46	77	814	257	134	122	308	28	15	1158	515	131	276	191	259	24	14	53	27	443	124	22	17	75
OTU_30	1	0	0	0	0	0	0	289	0	32	0	0	1	0	1521	127	0	0	245	975	1002	2	38	167	301	2267	610	0	0	161	264	758
OTU_31	1	721	0	178	738	0	1297	1	0	144	0	5	1	0	599	86	812	74	55	1	366	0	84	972	169	873	271	4	5	123	41	490
OTU_32	0	1	0	0	0	0	0	0	0	1	0	0	1426	0	0	0	0	0	0	0	0	0	0	0	0	0	0	0	0	6437	0	0
OTU_33	0	323	0	0	0	0	0	11	0	1581	0	0	0	0	0	44	185	578	0	4351	0	0	0	0	0	6	516	0	0	2	142	107
OTU_34	133	66	85	31	23	73	2	962	249	211	40	76	87	482	176	295	119	1122	370	285	310	164	271	217	110	85	112	5	305	571	502	303
OTU_35	0	0	0	0	0	0	1	0	0	0	0	0	0	0	2	0	0	0	0	0	0	0	0	0	0	0	0	0	0	0	0	7471
OTU_36	0	39	117	1	0	0	1	1504	0	318	1	343	0	66	0	97	2473	0	43	414	326	843	14	206	21	4	382	1	27	91	11	66
OTU_37	0	1155	564	0	1	0	0	219	0	1	0	0	2	0	0	273	0	852	0	19	0	288	276	162	0	925	48	978	1	50	367	896
OTU_38	0	815	0	3	0	0	0	1554	188	247	0	1	1	9	0	647	279	107	220	743	0	0	9	178	37	2	1	3	0	318	0	50
OTU_39	9	12	28	110	660	505	529	67	144	103	199	29	23	756	57	17	27	170	141	10	245	91	306	233	29	81	79	33	340	144	185	31
OTU_40	0	489	0	0	0	533	3	0	1	27	1	23	1013	994	0	22	0	22	11	8	2	113	12	1769	5	86	14	19	40	24	17	22
OTU_41	2113	2	390	25	224	345	220	5	42	3	4	2	15	152	73	1	118	0	44	32	29	115	341	54	35	391	7	17	171	21	45	38
OTU_42	0	1	0	0	30	0	0	0	1	2	658	0	0	0	0	3	0	0	177	0	0	0	1	1	0	0	0	3	2208	1510	2	0
OTU_43	0	674	0	0	0	0	0	0	0	0	0	0	0	0	0	1	0	1	0	3658	0	0	0	0	0	2	0	0	0	1	1	0
OTU_44	39	7	1014	52	80	6	71	116	0	0	0	10	75	194	827	149	96	59	55	286	1	39	42	93	1	63	160	590	14	19	20	84
OTU_45	0	1019	0	103	481	1	2	0	1	0	1	3	7	2	2	0	0	1829	0	2	11	3	3	521	10	10	0	12	0	0	1	0
OTU_46	0	0	1	0	0	0	0	9	0	505	1	0	0	0	1528	3	3	0	0	0	0	0	1	0	776	0	0	2	0	0	949	1
OTU_47	0	0	1463	0	0	0	0	0	0	6	2155	0	0	0	0	0	0	0	0	1	0	0	0	0	0	0	0	0	0	0	2	0
OTU_48	0	0	0	940	45	0	1	0	1	0	0	0	0	0	0	9	99	0	0	0	0	0	0	1	0	0	0	0	2366	1	0	0
OTU_49	2	11	9	23	13	1297	7	4	11	14	1352	6	0	115	34	12	3	26	65	42	4	56	4	11	4	1	43	88	1	20	12	10
OTU_50	0	62	0	0	0	0	0	3	0	535	0	0	0	0	0	0	0	0	1736	368	0	0	0	1	0	1	0	0	1	106	30	407
OTU_51	0	6	0	158	0	1	0	52	89	361	77	540	0	0	1	4	23	0	185	418	0	0	224	194	1	132	166	0	77	178	0	138
OTU_52	57	31	0	0	250	1	1	0	0	76	116	111	247	376	112	114	3	90	82	69	55	127	78	66	110	44	91	113	115	65	54	35
OTU_53	0	2454	0	0	0	2	0	0	0	1	0	0	0	25	0	0	0	0	0	0	0	0	0	0	0	0	9	0	0	2	0	0
OTU_54	0	0	0	1	0	0	1	55	0	592	0	0	0	0	0	0	0	5	0	614	0	0	71	91	2	2	41	0	0	1	0	1006
OTU_55	0	10	0	196	0	12	0	305	4	238	0	19	0	111	0	0	12	0	91	51	120	0	367	317	2	7	7	1	187	3	206	126
OTU_56	0	5	180	0	4	0	0	0	44	11	0	12	42	15	233	106	64	8	5	136	1026	59	41	133	16	51	35	0	6	31	41	8
OTU_57	0	152	0	0	0	0	0	34	0	1215	0	0	0	0	0	110	384	53	0	4	0	0	0	50	1	0	164	11	0	3	61	61
OTU_58	1572	0	0	0	1	3	4	0	3	86	0	0	0	0	1	216	0	2	4	0	0	0	0	3	0	33	64	2	126	1	66	7
OTU_59	0	0	0	0	0	0	0	233	0	0	0	0	0	3	0	151	27	286	1	0	0	1273	0	0	1	0	0	0	166	1	0	0
OTU_60	0	0	0	0	0	0	0	0	0	0	0	0	0	1951	166	0	0	0	0	0	4	0	0	0	14	0	3	0	0	0	0	0
OTU_61	0	13	1	0	45	12	0	267	1	10	3	27	7	4	73	1	2	219	13	38	22	0	6	121	24	4	50	0	230	558	285	62
OTU_62	1	37	0	7	0	0	0	0	0	0	0	0	0	0	0	65	0	0	0	81	0	0	0	1	0	8	0	0	479	0	1366	48
OTU_63	0	0	0	0	1	0	0	0	0	0	0	0	0	0	0	0	0	0	646	1	0	1	0	0	0	157	953	0	0	242	0	0
OTU_64	993	0	0	0	0	0	0	0	44	0	0	0	0	9	84	0	25	0	5	1	0	0	6	613	12	0	0	0	3	0	117	60
OTU_65	0	17	9	118	1	2	63	10	234	104	52	19	179	3	85	2	79	5	26	84	65	116	26	52	194	13	109	253	15	1	16	2
OTU_66	253	50	384	0	8	2	11	1	67	4	0	0	0	12	187	5	7	15	6	0	1	0	44	738	61	27	6	2	16	0	11	19
OTU_67	0	188	0	28	3	0	1	0	0	257	11	1	0	0	7	600	0	0	0	3	97	1	0	53	0	0	75	21	63	1	0	477
OTU_68	0	325	1	0	0	0	0	0	0	0	0	1	184	0	0	0	453	174	0	20	28	0	24	182	1	0	16	0	0	0	421	55
OTU_69	0	4	0	0	906	59	0	0	0	8	525	1	85	32	0	0	0	1	38	5	0	90	0	4	22	0	0	80	0	0	1	0
OTU_70	0	129	0	0	0	0	0	0	0	0	0	0	7	0	0	0	146	159	0	0	21	0	568	282	11	0	67	374	0	0	74	0
OTU_71	0	6	0	199	225	1	2	7	1	93	376	0	0	0	4	1	9	0	102	6	200	1	24	17	1	19	89	0	224	89	44	32
OTU_72	0	0	0	0	0	0	0	0	0	0	0	0	0	0	0	43	0	0	1	0	0	0	0	2	0	0	0	1183	2	339	192	0
OTU_73	0	1758	0	0	0	0	0	0	0	0	0	0	0	0	0	0	0	0	0	0	0	0	0	0	0	0	0	0	0	1	0	0
OTU_74	0	0	0	0	1	0	0	0	0	0	0	0	2	0	0	0	0	1659	0	0	0	0	0	0	0	1	0	0	0	0	0	0
OTU_75	1	1	57	3	249	317	722	1	2	3	1	31	2	71	1	2	0	2	3	39	1	75	1	0	9	0	0	22	12	1	0	0
OTU_76	2	19	31	1	0	0	0	289	4	8	28	28	17	185	40	23	103	43	35	169	164	61	6	27	27	54	11	0	56	29	135	16
OTU_77	0	0	0	1	0	0	0	271	0	2	0	159	0	1	0	2	38	0	15	1	588	0	5	4	24	1	56	0	93	124	102	20
OTU_78	0	0	1	0	0	0	0	0	0	0	0	0	0	0	0	0	0	230	0	1209	0	0	0	0	0	16	0	0	0	0	1	6
OTU_79	1	0	0	0	0	0	2	0	0	1	0	0	0	0	0	0	0	3	49	0	0	0	0	0	103	70	0	0	1217	0	0	1
OTU_80	0	0	0	0	0	0	0	0	0	0	0	0	0	0	0	0	4	0	0	0	0	0	0	0	0	0	0	0	0	0	0	1419
OTU_81	2	7	29	25	606	8	1	22	43	12	113	28	9	131	60	6	4	9	21	16	40	9	14	17	16	13	40	10	20	27	43	12
OTU_82	0	1	0	95	0	0	1	145	0	36	18	0	0	0	0	13	41	81	85	4	107	3	9	74	13	16	196	0	85	178	136	29
OTU_83	0	38	0	6	1	0	0	0	0	0	0	0	0	0	0	0	137	0	3	0	188	0	0	0	0	0	201	558	38	83	92	12
OTU_84	0	75	0	0	5	0	538	60	0	1	0	0	0	0	0	0	194	21	8	204	30	0	3	120	31	22	0	0	2	3	7	6
OTU_85	0	0	0	0	1	0	0	0	0	0	0	0	0	0	0	12	66	0	0	0	0	0	22	12	0	13	0	1	462	262	478	0
OTU_86	2	45	40	37	0	3	9	9	0	29	42	48	208	285	14	43	14	11	14	89	23	66	18	14	33	12	24	64	29	59	18	18
OTU_87	0	638	0	0	0	0	0	0	0	0	1	0	0	0	0	0	0	0	0	0	0	0	0	289	2	0	14	0	0	0	370	0
OTU_88	0	79	6	4	3	4	3	43	92	15	17	11	39	97	35	51	21	3	26	77	125	22	16	51	11	49	122	1	66	40	66	28
OTU_89	0	3	17	81	202	8	0	0	17	18	57	3	11	48	155	29	44	3	2	17	167	3	69	13	6	32	26	2	69	91	14	14
OTU_90	0	131	0	2	0	0	0	0	0	111	0	0	0	0	82	11	194	14	101	196	0	6	8	62	41	3	29	0	40	47	37	66
OTU_91	0	0	0	0	0	0	0	0	0	312	0	35	0	0	0	98	54	58	331	9	38	0	3	0	8	0	26	46	4	33	4	98
OTU_92	0	0	0	0	0	0	0	0	0	4	1146	0	0	0	0	0	0	0	0	0	0	0	0	0	0	0	0	0	0	0	0	0
OTU_93	98	0	101	5	0	0	236	0	32	3	0	9	151	173	22	7	3	9	1	1	62	0	18	3	33	94	6	2	6	7	13	39
OTU_94	0	43	5	1	0	0	0	4	5	285	0	46	10	0	35	72	14	3	1	0	156	6	106	1	2	80	0	5	44	52	81	66
OTU_95	0	0	0	0	0	0	0	1	0	1	1	219	0	20	0	0	0	0	0	0	0	0	776	0	0	0	0	0	0	0	0	85
OTU_96	0	0	0	0	0	0	0	0	1	0	0	0	0	0	0	0	0	0	0	0	0	0	0	1	0	0	0	0	1079	1	0	0
OTU_97	1052	1	0	1	0	3	3	0	1	1	0	0	0	0	0	0	1	1	0	0	0	0	1	1	0	0	0	0	0	0	0	0
OTU_98	92	0	0	0	0	0	0	0	0	0	0	0	0	784	0	0	0	0	0	0	0	0	0	0	0	0	172	0	0	0	2	0
OTU_99	0	0	0	0	0	0	0	0	0	0	0	0	0	0	0	0	0	0	0	447	0	0	0	0	0	0	532	0	4	0	0	0
OTU_100	0	153	0	0	0	0	0	1	0	260	0	0	0	0	0	0	0	10	67	0	4	0	0	1	27	0	193	0	0	12	219	0
OTU_101	0	73	0	25	12	0	0	0	0	4	109	0	0	0	5	4	2	15	448	30	2	72	0	0	10	0	49	17	4	7	4	9
OTU_102	0	0	0	0	0	0	0	0	0	0	0	0	0	0	0	0	0	0	0	0	0	0	0	0	0	0	818	0	0	0	0	0
OTU_103	11	6	15	0	85	91	39	35	15	11	104	19	12	15	8	29	3	4	21	75	8	111	10	1	12	18	16	12	2	11	13	6
OTU_104	0	0	0	0	0	0	0	0	0	8	0	0	0	0	0	0	65	0	0	163	0	0	0	0	7	2	531	0	0	5	0	0
OTU_105	0	0	0	413	0	1	1	0	0	0	0	0	0	0	0	86	0	0	0	100	0	0	0	0	0	1	0	0	157	0	0	0
OTU_106	0	42	0	7	214	0	0	5	0	23	9	88	6	0	50	12	9	57	3	13	17	11	2	1	14	0	14	106	1	15	12	4
OTU_107	0	16	0	0	0	0	0	72	1	79	0	0	0	1	0	91	0	98	121	0	0	0	0	2	2	18	0	0	3	1	39	148
OTU_108	0	0	0	102	80	0	0	0	0	2	227	0	0	0	0	2	0	0	0	0	0	1	0	0	0	1	47	203	0	1	0	7
OTU_109	0	0	0	0	78	0	0	0	0	0	0	0	0	0	0	0	0	0	188	0	0	0	0	0	0	0	0	144	0	0	0	244
OTU_110	0	0	0	272	1	1	0	2	2	0	0	1	0	0	2	3	0	0	0	0	0	0	0	64	231	1	0	3	0	0	70	0
OTU_111	0	0	1	356	103	0	0	0	0	0	0	0	1	78	0	1	80	0	0	3	0	0	0	0	0	0	0	0	5	0	3	0
OTU_112	0	14	0	0	145	134	0	0	0	0	0	0	0	0	0	35	2	64	5	5	0	0	0	83	0	0	110	0	9	1	17	0
OTU_113	0	25	0	123	0	1	1	2	0	57	0	0	0	1	0	199	0	33	0	2	0	176	0	0	0	1	0	0	0	0	0	0
OTU_114	0	14	7	0	0	0	0	2	0	151	0	28	0	0	0	2	0	6	14	90	5	0	0	178	1	3	30	0	1	19	10	57
OTU_115	0	18	0	0	0	0	0	0	0	5	0	0	0	0	0	0	248	49	0	211	0	0	0	0	0	0	33	0	0	1	0	50
OTU_116	0	6	6	0	112	1	0	30	4	6	5	7	10	171	0	1	14	6	0	18	39	17	36	11	4	11	17	18	7	8	9	9
OTU_117	0	0	0	0	38	0	0	0	0	0	0	0	0	0	0	0	0	66	0	0	0	211	0	0	89	0	6	160	8	0	0	0
OTU_118	0	0	1	0	0	57	0	0	0	14	1	0	67	0	0	4	0	2	0	4	0	356	4	49	0	8	1	2	2	1	1	2
OTU_119	0	568	0	0	0	0	0	0	0	0	0	0	0	0	0	0	0	0	0	0	0	0	0	0	0	0	0	0	0	1	0	0
OTU_120	0	117	0	0	0	0	0	0	0	0	0	0	0	0	0	0	14	0	38	4	0	23	4	193	0	1	0	0	10	0	128	37
OTU_121	0	3	1	0	0	0	0	53	0	5	301	0	0	3	0	1	0	22	0	0	0	124	0	0	50	0	0	0	0	0	1	0
OTU_122	0	2	0	9	0	13	0	4	55	20	28	19	25	28	20	71	1	3	35	23	10	60	8	0	26	10	0	16	0	42	7	23
OTU_123	0	0	0	0	0	0	0	0	0	4	1	0	102	12	0	0	0	0	0	251	0	0	143	0	0	16	0	0	16	0	3	0
OTU_124	0	0	15	7	5	0	31	117	0	2	119	53	5	5	29	57	0	1	0	25	20	16	0	3	11	0	1	10	1	3	3	0
OTU_125	0	10	0	0	0	0	0	0	0	234	0	0	0	0	0	0	0	0	0	2	0	0	0	0	0	0	227	0	0	0	3	0
OTU_126	0	463	0	0	0	0	0	0	0	0	0	0	0	0	0	0	0	0	0	0	0	0	0	0	0	0	0	0	0	0	0	0
OTU_127	0	8	0	0	0	0	0	1	0	24	0	0	0	0	0	0	36	6	0	0	0	0	1	255	0	0	47	0	16	17	40	10
OTU_128	0	37	0	0	257	0	0	0	0	0	1	14	1	0	0	0	15	22	20	24	0	0	0	24	1	0	17	0	17	10	1	0
OTU_129	0	243	0	21	0	0	0	0	0	88	0	0	0	0	0	53	11	8	0	4	0	0	0	0	0	0	1	0	0	0	20	6
OTU_130	0	4	0	13	10	21	1	40	0	58	34	10	0	40	7	20	5	3	17	14	11	10	5	10	2	2	31	0	13	41	17	1
OTU_131	0	38	4	31	0	0	0	0	0	25	15	5	0	0	0	15	17	14	4	2	60	48	2	0	9	4	31	15	14	27	36	0
OTU_132	0	399	0	3	0	0	0	0	0	0	0	0	0	0	0	0	0	0	0	0	0	0	0	0	4	0	0	0	0	1	0	0
OTU_133	0	402	0	0	0	0	0	0	0	0	0	0	0	0	0	0	0	0	0	0	0	0	0	0	0	0	0	0	0	1	0	0
OTU_134	0	16	26	0	14	13	1	12	15	4	6	8	2	33	15	7	5	8	5	41	20	5	14	12	16	9	18	11	10	26	15	7
OTU_135	0	1	0	0	0	0	0	0	0	0	0	0	0	0	0	124	0	26	58	0	35	0	0	0	0	1	127	1	1	0	1	16
OTU_136	0	1	27	0	0	0	1	5	43	11	20	0	6	0	48	26	6	0	0	30	0	3	0	21	26	0	13	17	23	0	53	0
OTU_137	0	206	0	0	0	0	0	1	0	9	0	0	0	0	0	0	7	63	74	11	0	0	0	0	0	0	0	0	6	0	1	0
OTU_138	0	53	0	0	0	0	0	0	0	0	0	0	0	0	0	113	0	21	0	0	0	0	0	0	0	0	11	12	0	0	168	0
OTU_139	0	0	0	0	0	0	0	0	0	0	0	0	0	0	0	0	0	0	0	0	0	0	0	0	0	0	0	0	0	0	374	0
OTU_140	0	0	0	341	29	0	1	0	0	0	0	0	0	0	0	0	0	0	0	0	0	0	0	0	1	0	0	0	0	0	0	0
OTU_141	0	0	0	98	4	0	0	0	0	0	0	0	0	0	182	0	0	0	63	1	0	0	0	0	16	0	0	2	2	0	0	1
OTU_142	0	0	0	1	81	210	1	0	0	0	0	17	8	0	0	20	3	0	0	6	0	0	1	17	0	0	0	0	0	0	0	3
OTU_143	4	293	0	0	6	0	3	0	0	0	0	0	0	0	0	0	20	0	0	0	0	0	0	1	6	33	0	0	0	1	0	0
OTU_144	0	1	0	2	39	0	0	9	0	7	20	0	1	0	55	11	1	31	23	13	13	37	0	34	3	0	37	1	1	13	7	5
OTU_145	0	2	0	6	172	2	0	0	0	10	64	0	0	0	36	3	1	0	15	4	0	9	0	1	5	0	4	7	6	3	4	0
OTU_146	0	58	0	34	0	0	0	0	0	29	5	0	0	0	0	5	10	0	9	13	0	0	0	0	13	0	18	23	20	94	15	0
OTU_147	0	0	0	0	0	0	0	0	0	0	0	0	0	0	90	0	0	0	0	103	0	0	0	152	0	1	0	0	0	0	0	0
OTU_148	0	33	0	0	0	0	0	0	0	0	0	0	0	0	0	0	0	0	0	217	0	0	0	0	0	2	0	0	0	0	0	92
OTU_149	0	30	0	0	0	0	0	9	0	4	0	0	0	0	0	0	202	7	0	4	0	13	0	67	0	0	0	0	0	5	0	0
OTU_150	0	2	0	0	1	0	0	1	0	45	0	0	0	0	0	11	0	0	0	14	0	0	0	16	0	1	209	0	1	0	33	0
OTU_151	0	32	0	1	12	0	0	0	0	0	0	3	0	0	0	0	0	21	0	0	43	69	0	75	18	0	3	8	0	31	7	9
OTU_152	13	0	244	0	4	23	26	0	0	0	0	0	0	0	0	0	0	0	0	0	0	0	13	0	5	0	0	0	2	0	0	1
OTU_153	0	1	0	9	0	0	2	27	23	4	0	1	12	22	40	17	2	0	0	16	33	5	6	3	3	7	0	37	14	17	7	12
OTU_154	0	54	0	0	0	0	0	0	0	9	0	0	0	0	0	13	0	3	28	118	0	2	0	0	10	0	33	0	0	0	44	0
OTU_155	0	0	0	0	0	0	0	0	0	0	162	0	0	0	0	0	0	0	0	0	0	0	0	0	0	0	0	0	0	0	148	0
OTU_156	4	0	0	0	0	0	0	96	0	1	0	2	1	43	0	1	0	0	0	0	11	2	0	0	0	0	110	0	3	0	34	0
OTU_157	68	1	31	2	0	4	17	0	12	0	0	0	4	7	0	0	1	0	1	3	6	2	16	2	98	4	0	3	2	0	14	6
OTU_158	0	26	10	1	0	0	0	5	0	6	43	8	0	64	11	5	1	3	19	19	2	3	1	1	0	2	35	0	3	27	3	1
OTU_159	0	11	0	0	0	1	0	0	0	4	0	0	0	0	0	10	0	35	0	12	0	0	0	0	14	0	194	0	0	0	15	0
OTU_160	223	0	0	0	0	2	0	0	28	0	0	0	40	0	0	0	0	0	0	0	0	0	0	0	1	0	0	0	0	0	1	0
OTU_161	0	0	0	0	0	0	0	0	0	0	277	2	0	0	0	0	0	0	0	0	0	0	0	0	0	0	0	0	0	0	0	0
OTU_162	53	0	0	0	0	0	0	0	0	0	0	0	0	0	0	0	0	0	0	0	0	0	0	2	0	198	4	0	1	0	15	1
OTU_163	0	39	0	0	0	0	0	0	0	16	0	0	0	0	0	34	17	0	0	55	0	0	0	0	5	1	0	0	0	10	0	94
OTU_164	0	0	0	0	0	0	0	0	0	0	0	0	0	0	0	0	0	0	0	0	0	0	0	1	0	0	0	0	90	0	179	0
OTU_165	0	10	0	5	9	0	0	0	0	1	16	0	0	0	34	4	0	22	2	34	9	3	0	0	0	0	40	29	6	24	1	14
OTU_166	0	67	0	1	1	0	0	2	0	9	0	0	0	0	0	55	0	50	2	42	0	2	0	0	0	0	22	1	1	5	1	0
OTU_167	0	0	0	0	0	0	0	0	0	110	0	0	0	0	0	0	0	0	127	8	0	0	0	0	0	0	8	0	3	0	0	0
OTU_168	0	3	1	0	4	133	1	3	0	0	29	0	0	0	16	0	0	9	0	2	0	37	0	1	2	0	2	8	1	0	0	0
OTU_169	0	2	0	3	0	0	0	45	8	23	2	20	1	9	23	17	1	0	0	29	6	1	0	11	1	7	2	0	15	7	13	4
OTU_170	0	2	24	10	0	34	0	15	0	4	38	0	15	1	13	6	0	1	2	4	11	19	1	5	8	0	13	8	5	3	5	1
OTU_171	0	0	0	0	0	240	4	0	0	1	0	0	0	0	0	0	0	0	0	0	0	0	0	1	0	0	2	0	0	0	0	0
OTU_172	0	0	0	0	0	0	0	0	0	0	0	0	0	0	0	0	0	0	0	0	0	0	242	0	2	0	0	0	0	0	0	0
OTU_173	0	0	0	0	0	0	0	0	0	0	0	106	0	0	0	0	0	0	0	0	0	0	0	0	0	0	0	118	0	0	0	0
OTU_174	0	13	1	11	0	0	0	0	0	31	1	0	3	2	0	2	9	0	32	11	0	5	1	2	1	0	55	10	3	14	9	2
OTU_175	0	1	0	0	8	0	0	0	0	1	203	0	2	0	0	1	0	0	0	0	0	0	0	0	0	0	0	0	0	0	1	0
OTU_176	0	10	0	0	0	0	0	0	0	15	0	0	0	0	0	6	3	0	36	56	0	1	0	14	5	0	8	0	1	56	4	0
OTU_177	5	2	0	7	0	1	0	3	2	2	48	2	3	28	48	1	0	8	4	3	2	4	1	4	5	1	10	0	5	10	0	5
OTU_178	0	33	0	0	0	0	0	1	0	22	11	0	0	0	0	5	0	10	2	48	0	2	0	0	0	0	38	1	1	32	5	0
OTU_179	0	0	0	0	0	0	0	40	0	2	47	0	0	0	12	0	0	0	6	6	0	9	0	0	0	1	25	4	0	25	23	8
OTU_180	0	0	0	0	0	0	0	0	0	0	205	0	0	0	0	0	0	0	0	0	0	0	0	0	0	0	0	0	0	0	0	0
OTU_181	0	46	0	0	0	0	0	0	0	51	0	0	0	0	0	12	0	0	0	80	0	0	0	0	0	2	0	0	0	0	11	0
OTU_182	0	0	0	0	0	0	0	34	0	4	2	3	0	38	0	15	0	0	67	0	5	1	1	0	0	5	0	0	5	14	2	0
OTU_183	0	150	0	0	0	0	0	0	0	0	0	0	0	0	0	0	0	0	0	0	0	0	0	0	0	0	0	0	0	0	0	46
OTU_184	0	0	0	0	16	137	1	0	0	0	0	0	16	0	0	0	1	0	16	0	0	1	0	0	0	0	0	7	0	0	0	0
OTU_185	0	0	0	12	0	0	0	0	0	97	0	0	0	0	0	0	0	1	0	0	0	25	0	0	0	0	0	0	0	48	0	0
OTU_186	0	0	0	2	0	0	0	0	0	42	3	0	0	0	0	4	1	0	0	8	0	0	0	0	0	1	10	0	26	2	84	0
OTU_187	0	9	3	4	0	0	0	3	0	21	55	1	1	23	0	1	3	2	23	1	3	2	1	0	0	0	5	2	4	11	5	0
OTU_188	0	27	0	0	0	0	0	0	0	43	0	0	0	0	0	18	8	1	0	33	0	0	0	0	2	0	23	0	0	0	1	23
OTU_189	0	0	0	0	0	0	0	4	0	9	17	3	6	0	13	3	8	7	0	7	12	9	14	5	2	23	6	12	4	5	2	7
OTU_190	0	31	0	6	130	1	0	0	0	0	2	0	0	0	0	0	0	0	3	0	0	0	0	0	1	0	0	2	0	0	0	0
OTU_191	0	3	0	6	0	1	0	0	0	10	0	0	0	0	0	0	0	0	36	34	0	0	2	3	0	0	73	0	1	0	2	4
OTU_192	0	17	0	0	0	0	0	0	0	0	0	0	0	0	0	0	76	0	0	0	0	0	0	0	0	0	8	0	0	14	60	0
OTU_193	0	0	0	0	0	13	125	1	0	7	0	0	0	0	5	0	0	0	0	0	0	3	1	0	0	0	2	2	0	0	0	10
OTU_194	0	14	0	0	0	0	0	0	0	2	0	0	0	0	0	0	0	0	41	24	0	5	0	0	1	0	35	0	3	43	0	0
OTU_195	0	1	0	0	0	0	0	0	0	0	27	0	0	0	0	0	0	0	0	0	0	0	0	0	0	0	0	0	0	140	0	0
OTU_196	0	168	0	0	0	0	0	0	0	0	0	0	0	0	0	0	0	0	0	0	0	0	0	0	0	0	0	0	0	0	0	0
OTU_197	2	0	0	1	0	10	3	29	0	4	3	7	1	2	3	0	43	16	0	2	0	5	0	2	3	1	4	5	0	2	19	0
OTU_198	0	45	0	0	0	0	0	0	0	0	0	0	0	0	0	2	0	0	28	2	0	1	0	0	0	0	8	0	12	28	40	0
OTU_199	0	0	0	0	0	0	0	4	0	3	14	4	1	0	0	4	3	0	10	22	15	18	1	23	2	0	13	0	0	26	2	0
OTU_200	0	1	0	0	0	0	0	0	0	0	0	0	0	0	0	0	0	0	0	85	0	0	0	0	0	1	0	0	0	0	0	73
OTU_201	0	4	0	0	0	0	0	26	0	6	0	0	0	1	0	5	0	32	7	0	0	0	0	0	0	4	0	0	0	0	22	50
OTU_202	0	0	0	0	0	0	0	0	0	0	0	0	0	0	0	0	0	0	9	0	0	0	0	0	105	0	0	0	43	0	0	0
OTU_203	0	0	0	0	5	0	0	0	0	0	0	0	0	0	0	0	0	0	0	103	0	0	0	0	0	0	10	36	2	0	0	0
OTU_204	0	0	3	4	29	39	13	1	2	12	1	4	1	11	1	0	3	0	5	0	2	3	0	1	1	3	2	5	0	3	0	2
OTU_205	0	0	0	0	0	0	0	0	0	18	7	0	0	0	0	0	10	8	16	1	32	0	1	6	0	0	3	0	15	0	19	13
OTU_206	3	1	1	2	2	1	23	3	10	2	2	1	0	26	18	0	15	0	6	1	0	1	2	2	0	12	1	0	0	9	1	2
OTU_207	0	0	0	0	0	0	0	0	0	49	0	0	0	0	0	5	0	0	0	91	0	0	0	0	0	0	0	0	0	0	0	0
OTU_208	0	0	0	65	4	0	0	0	0	0	0	0	0	21	0	1	49	0	0	0	1	0	0	0	0	0	0	0	2	0	0	0
OTU_209	0	0	0	2	0	0	0	0	0	0	0	0	0	0	0	0	134	0	0	0	0	1	0	0	0	4	0	0	0	0	0	0
OTU_210	6	0	1	0	14	55	4	0	1	2	8	2	0	4	0	0	0	4	17	0	5	1	0	1	0	0	1	0	0	0	0	13
OTU_211	0	0	1	0	0	0	0	0	0	0	2	0	1	109	0	1	0	0	2	0	0	0	0	0	0	0	0	15	0	5	0	0
OTU_212	0	0	0	1	6	0	0	6	0	0	0	0	0	0	0	0	0	107	1	7	4	0	0	0	0	0	0	2	0	0	0	1
OTU_213	0	1	1	0	0	0	0	0	0	6	4	3	0	38	0	1	4	0	4	54	0	0	0	0	3	0	3	0	1	0	9	0
OTU_214	0	1	0	0	0	0	0	0	30	3	0	0	2	1	0	3	20	4	0	6	6	6	6	5	0	0	0	7	16	3	11	0
OTU_215	2	0	86	0	3	0	23	0	0	0	0	0	0	0	0	0	0	0	0	11	0	0	1	0	0	0	3	0	0	0	1	0
OTU_216	0	0	0	0	0	0	0	0	0	0	0	0	0	0	0	0	1	0	0	11	0	0	0	0	0	0	112	0	0	0	3	0
OTU_217	0	0	0	0	0	125	1	0	0	0	0	0	0	0	0	0	0	0	0	0	0	0	0	0	0	0	0	0	0	0	0	0
OTU_218	0	0	0	2	0	1	0	1	0	0	3	0	0	1	0	0	0	0	0	3	0	113	0	0	0	0	1	0	0	0	0	0
OTU_219	0	0	0	0	0	0	0	0	0	2	0	0	0	0	0	0	0	0	0	0	0	0	0	0	0	0	122	0	0	0	0	0
OTU_220	0	4	1	13	0	0	0	2	0	59	0	0	0	0	0	0	0	0	2	19	0	0	2	0	0	0	2	3	0	0	14	3
OTU_221	0	3	0	0	0	0	0	0	0	2	23	0	0	0	0	12	1	0	42	6	0	0	0	0	1	0	3	0	0	21	6	2
OTU_222	0	5	0	0	0	0	0	4	0	44	0	0	0	0	0	0	0	0	20	23	0	0	0	0	0	1	23	0	0	0	0	0
OTU_223	0	112	0	0	0	0	0	0	0	2	0	0	0	0	0	1	0	0	0	0	0	0	0	1	1	0	1	1	0	0	1	0
OTU_224	0	1	2	17	0	0	0	0	0	0	0	0	0	0	0	0	0	4	54	24	0	0	0	9	9	0	0	0	0	0	0	0
OTU_225	0	2	0	7	0	0	0	0	0	10	3	0	0	0	0	2	3	0	8	10	11	9	1	2	3	1	6	0	12	20	9	1
OTU_226	0	0	0	0	0	0	0	0	0	8	7	0	0	0	0	7	1	0	15	9	0	36	0	15	0	0	1	0	0	10	0	8
OTU_227	0	0	0	0	0	85	26	0	0	0	0	0	0	0	0	0	0	0	0	0	0	0	0	0	1	3	1	0	0	1	0	0
OTU_228	13	0	0	3	10	4	7	0	6	0	0	3	21	1	0	0	0	2	1	0	12	0	18	0	12	0	0	0	0	3	1	0
OTU_229	0	0	0	0	0	69	0	0	0	1	7	0	0	0	3	3	5	2	0	0	2	7	0	2	0	3	6	0	0	6	0	0
OTU_230	0	35	9	0	4	0	0	1	0	15	0	1	4	0	0	1	0	7	0	18	1	4	3	0	0	0	5	5	0	0	0	0
OTU_231	0	0	3	0	7	1	29	0	0	0	0	0	0	0	0	0	0	0	0	0	0	0	0	0	34	1	0	0	32	0	1	0
OTU_232	0	1	5	1	4	1	4	2	0	0	5	2	0	16	5	6	1	0	9	6	3	3	1	2	3	0	2	6	6	8	4	1
OTU_233	0	0	0	0	0	0	0	0	0	0	0	0	0	0	0	0	0	0	107	0	0	0	0	0	0	0	0	0	0	0	0	0
OTU_234	0	7	0	9	0	0	0	1	0	33	0	0	0	0	0	0	1	0	10	34	0	0	0	4	0	0	0	0	1	0	6	0
OTU_235	0	0	0	0	0	0	0	0	0	7	12	0	0	68	0	2	0	0	7	0	0	0	0	0	0	1	3	0	0	2	4	0
OTU_236	0	0	0	0	0	0	0	1	0	0	0	0	0	0	0	0	0	0	0	0	0	0	0	0	0	0	65	0	5	34	0	0
OTU_237	12	1	0	1	3	11	7	0	0	0	0	9	6	1	0	2	2	3	0	0	14	1	2	0	20	4	0	0	1	3	0	0
OTU_238	0	0	0	0	0	0	0	0	0	1	82	0	3	0	0	15	0	0	0	0	0	0	0	0	0	0	1	0	0	1	0	0
OTU_239	0	0	3	0	1	11	0	26	0	23	2	0	0	3	0	1	0	1	1	1	0	2	15	5	5	1	1	0	0	1	0	0
OTU_240	0	3	0	17	0	0	0	8	4	22	0	1	0	2	7	0	1	0	0	8	0	2	3	7	0	5	0	0	3	3	6	0
OTU_241	0	7	0	5	0	0	1	15	0	13	7	2	0	0	0	5	1	0	1	11	0	5	0	2	2	1	5	0	1	10	7	0
OTU_242	0	0	0	1	1	0	0	1	0	5	8	0	0	24	9	0	1	1	4	8	1	12	0	2	1	0	6	2	3	7	1	2
OTU_243	0	21	0	14	0	0	0	0	0	0	0	4	0	0	0	0	0	0	2	0	24	0	12	1	0	2	0	0	0	6	0	14
OTU_244	0	0	0	0	0	0	0	0	0	0	0	0	0	0	0	0	0	0	0	99	0	0	0	0	0	0	0	0	0	0	0	0
OTU_245	0	0	0	0	0	0	0	0	0	0	0	0	0	0	0	0	0	0	0	0	0	0	0	76	0	0	23	0	0	0	0	0
OTU_246	0	1	0	0	0	0	0	0	0	0	0	0	0	0	0	0	0	0	0	0	0	0	0	0	0	0	98	0	0	0	0	0
OTU_247	1	1	1	6	0	0	3	2	0	4	12	7	15	10	6	0	1	1	1	2	1	3	1	1	5	1	0	1	0	7	0	0
OTU_248	0	0	0	3	3	0	0	0	0	22	3	0	0	26	0	0	0	11	11	3	0	2	0	0	2	0	2	0	0	3	0	2
OTU_249	0	4	0	0	0	0	0	0	0	6	16	0	0	0	0	1	1	0	11	2	0	15	0	0	4	0	21	1	0	0	10	0
OTU_250	87	0	0	0	0	0	0	0	2	0	0	0	0	0	0	0	0	0	0	0	1	0	1	0	0	0	0	0	0	0	0	0
OTU_251	0	8	0	0	0	0	0	0	0	3	0	0	0	0	0	3	0	0	0	19	0	10	0	0	1	0	42	0	0	4	0	0
OTU_252	0	2	0	0	0	0	0	0	0	3	10	0	0	0	0	2	0	14	9	35	4	0	0	0	1	1	1	0	2	2	4	0
OTU_253	39	1	0	0	1	6	0	0	5	0	0	4	0	4	0	2	0	0	0	1	14	0	0	0	9	0	0	3	0	0	0	0
OTU_254	0	0	0	21	0	0	0	0	0	0	0	0	0	0	0	0	0	0	0	0	0	0	0	0	0	0	25	0	0	0	42	0
OTU_255	0	50	0	0	0	0	0	0	0	1	0	0	0	0	0	0	0	2	0	0	0	33	0	0	0	0	0	0	0	0	0	1
OTU_256	0	0	0	0	0	0	0	0	0	0	0	0	0	0	0	0	0	0	0	0	0	0	0	0	0	0	54	1	0	23	9	0
OTU_257	0	0	0	0	0	0	0	0	0	0	0	0	0	0	0	34	0	0	0	10	42	0	0	0	0	0	0	0	0	0	0	0
OTU_258	0	16	0	2	0	0	0	0	0	16	0	0	0	12	0	28	0	0	1	1	0	0	0	0	1	5	0	0	3	0	1	0
OTU_259	0	0	4	0	0	1	0	0	0	0	0	5	0	1	0	0	1	1	0	1	70	1	0	0	0	0	0	0	0	0	0	0
OTU_260	0	0	0	0	0	0	0	0	0	0	0	0	0	85	0	0	0	0	0	0	0	0	0	0	0	0	0	0	0	0	0	0
OTU_261	0	0	0	1	0	0	0	0	0	0	0	0	0	0	0	0	0	0	0	0	0	84	0	0	0	0	0	0	0	0	0	0
OTU_262	0	0	0	0	0	0	0	0	0	0	0	0	0	0	0	0	0	0	0	83	0	0	0	0	0	0	0	0	0	0	0	0
OTU_263	0	8	0	0	0	0	0	0	0	15	0	0	0	0	0	25	0	0	0	18	0	0	0	0	0	0	11	0	0	0	2	0
OTU_264	0	0	0	0	0	0	0	0	0	0	0	0	0	0	0	0	0	0	0	0	0	0	0	73	1	0	0	0	4	0	0	0
OTU_265	0	0	0	75	0	0	0	0	0	0	0	0	0	1	0	0	0	0	0	0	0	0	0	0	0	1	0	0	0	0	0	0
OTU_266	0	0	0	74	0	0	0	0	0	0	0	0	0	0	0	0	0	0	0	0	0	0	0	0	0	0	0	0	0	0	0	0
OTU_267	0	0	0	8	0	0	0	0	0	13	0	0	0	0	0	0	0	0	1	0	0	0	0	0	27	0	6	1	1	0	17	0
OTU_268	0	18	0	0	0	0	0	0	0	2	0	0	0	18	0	9	0	0	1	9	0	0	0	0	1	0	5	0	3	2	3	0
OTU_269	0	0	0	14	0	0	0	0	0	2	1	0	0	0	0	0	0	0	0	4	0	0	0	0	3	0	18	0	9	8	12	0
OTU_270	0	0	0	0	0	0	0	0	0	0	0	0	0	0	0	0	0	0	0	0	0	0	0	0	0	0	0	0	0	71	0	0
OTU_271	0	12	0	2	0	0	0	0	0	22	0	0	0	0	0	0	4	0	0	0	0	0	5	0	0	0	17	0	0	0	3	6
OTU_272	0	1	4	8	1	14	0	0	0	1	5	0	5	4	1	2	1	1	4	1	2	0	0	0	4	1	2	4	0	1	0	2
OTU_273	0	3	0	25	0	2	0	0	0	1	15	0	0	0	0	5	0	0	0	2	8	0	0	0	0	0	3	0	0	2	0	0
OTU_274	0	0	0	0	4	0	0	0	0	9	0	1	0	0	0	2	0	29	0	0	0	0	5	1	0	0	4	0	4	0	4	2
OTU_275	0	7	0	3	0	36	1	1	0	0	15	0	0	0	0	0	0	0	2	0	0	0	0	0	0	0	0	0	0	0	0	0
OTU_276	0	1	0	3	0	0	3	0	0	4	4	1	0	2	0	1	0	1	11	4	3	0	0	0	0	0	6	0	1	20	0	0
OTU_277	0	0	0	1	0	0	0	0	0	4	2	0	0	11	0	6	1	4	12	5	0	0	0	0	0	0	2	1	0	15	1	0
OTU_278	0	0	0	0	0	0	0	0	0	0	0	0	0	0	0	7	0	0	0	34	0	0	0	0	0	0	0	0	0	4	0	19
OTU_279	11	1	0	0	12	2	0	0	4	0	0	0	4	5	2	0	1	0	2	0	0	6	3	0	4	2	0	0	0	1	3	1
OTU_280	0	0	0	0	0	0	0	0	0	64	0	0	0	0	0	0	0	0	0	0	0	0	0	0	0	0	0	0	0	0	0	0
OTU_281	0	0	0	0	0	0	0	2	0	46	0	0	0	0	0	0	0	0	3	4	0	0	0	0	0	0	6	0	0	1	2	0
OTU_282	0	0	0	0	0	0	0	0	0	0	0	0	0	0	0	4	25	0	0	0	0	0	0	0	0	0	10	0	0	0	24	0
OTU_283	34	0	0	0	0	0	0	0	13	0	0	0	5	0	0	0	0	0	0	1	0	0	0	0	3	2	0	4	0	0	0	0
OTU_284	0	9	4	4	1	0	0	1	0	22	0	0	0	0	0	0	1	1	0	0	0	1	2	1	1	2	2	0	0	6	3	0
OTU_285	0	40	0	0	0	0	0	0	0	0	9	0	0	0	0	0	1	0	0	11	0	0	0	0	0	0	0	0	0	0	0	0
OTU_286	0	0	0	0	0	0	0	0	0	0	0	0	0	0	0	0	0	0	0	0	0	0	0	0	0	0	0	61	0	0	0	0
OTU_287	0	7	0	0	1	0	0	0	0	7	0	0	0	23	0	0	0	0	0	0	5	0	2	0	3	4	0	2	0	6	0	0
OTU_288	0	0	0	0	4	0	0	0	0	0	0	0	0	0	0	0	0	0	0	0	0	0	0	0	0	0	29	0	0	0	0	26
OTU_289	0	0	0	0	0	0	0	0	0	0	0	0	0	0	0	0	0	0	0	0	0	0	0	0	0	0	0	58	0	0	0	0
OTU_290	0	11	0	2	0	0	0	6	0	5	0	0	0	0	15	1	0	0	1	2	0	1	0	7	0	0	3	0	0	1	0	1
OTU_291	0	0	0	0	0	0	0	16	0	0	0	0	0	0	0	0	0	0	0	0	0	0	3	0	0	0	0	0	15	0	22	0
OTU_292	0	0	0	0	0	0	0	0	0	3	11	0	0	0	0	0	0	1	16	4	0	4	0	0	2	0	7	1	0	3	2	1
OTU_293	0	0	11	0	2	0	10	0	0	0	0	0	0	0	0	0	0	0	0	0	0	0	30	0	0	0	0	0	2	0	0	0
OTU_294	0	0	0	51	0	0	0	0	0	0	0	0	0	0	0	3	0	0	0	0	0	0	0	0	0	0	0	0	1	0	0	0
OTU_295	0	0	0	0	0	0	0	1	0	53	0	0	0	0	0	0	0	0	0	0	0	0	0	0	0	0	0	0	0	0	0	0
OTU_296	0	0	0	0	0	0	0	0	0	54	0	0	0	0	0	0	0	0	0	0	0	0	0	0	0	0	0	0	0	0	0	0
OTU_297	0	0	0	0	0	0	0	4	0	0	0	0	0	0	10	0	0	0	1	16	5	0	0	1	4	7	3	0	0	0	2	1
OTU_298	0	0	0	0	0	0	0	0	0	5	0	0	0	0	0	0	0	0	0	0	9	9	0	11	1	0	0	0	3	0	14	2
OTU_299	5	0	0	0	4	0	7	0	0	2	0	0	0	0	0	1	0	5	0	0	1	0	2	0	0	13	0	0	0	0	11	2
OTU_300	0	0	0	0	0	0	0	0	0	0	0	0	0	0	0	0	0	0	0	0	0	0	0	0	0	0	0	0	0	51	1	1
OTU_301	0	0	8	1	2	4	1	0	0	1	2	0	2	4	0	1	5	0	1	2	2	0	0	6	0	1	0	3	1	0	3	2
OTU_302	0	0	0	0	0	3	0	0	0	0	0	0	3	0	0	1	0	0	0	0	0	36	0	7	0	0	0	0	0	0	0	0
OTU_303	0	0	0	0	0	0	0	0	0	1	0	1	2	3	0	0	1	0	0	0	1	0	2	0	29	3	1	0	0	4	2	0
OTU_304	0	0	0	0	0	0	0	0	0	0	0	0	0	0	0	0	0	50	0	0	0	0	0	0	0	0	0	0	0	0	0	0
OTU_305	0	0	0	0	0	0	0	0	0	0	0	0	0	0	0	0	0	0	0	47	0	0	0	0	0	0	0	0	0	0	2	0
OTU_306	0	1	0	2	20	1	0	0	0	2	0	0	5	0	0	1	0	3	1	3	0	0	0	0	5	0	1	4	0	0	0	0
OTU_307	0	3	0	1	0	0	0	0	0	17	0	0	0	0	0	2	0	0	6	3	0	0	0	0	1	0	11	0	0	2	2	0
OTU_308	0	8	0	0	0	0	0	0	0	5	0	0	0	0	0	1	0	1	2	5	0	0	0	0	0	0	10	0	0	2	14	0
OTU_309	1	0	0	1	1	7	24	0	0	0	0	0	2	0	0	0	0	1	0	0	0	0	0	0	1	10	0	0	0	0	0	0
OTU_310	0	0	0	0	0	0	0	0	0	0	0	0	0	0	0	0	0	0	0	0	0	0	0	0	0	0	47	0	0	0	0	0
OTU_311	0	45	0	0	0	0	0	0	0	0	0	0	0	0	0	1	0	0	0	0	0	0	0	0	0	0	0	0	0	0	0	0
OTU_312	0	3	0	0	0	0	0	0	0	0	0	0	0	0	0	0	0	0	0	0	0	0	0	15	0	17	0	0	0	5	5	0
OTU_313	0	0	0	0	0	0	0	0	0	0	0	2	0	0	0	0	0	0	0	0	0	0	0	0	0	0	9	28	6	0	0	0
OTU_314	0	3	19	0	0	0	0	0	0	0	5	0	0	1	0	0	0	2	1	0	0	0	0	0	0	0	8	0	0	4	2	0
OTU_315	0	9	0	0	0	0	0	0	0	2	0	0	0	0	0	0	0	0	4	19	0	0	0	0	0	0	10	0	0	0	0	0
OTU_316	0	0	0	0	0	0	0	0	0	0	0	0	0	0	0	0	0	0	44	0	0	0	0	0	0	0	0	0	0	0	0	0
OTU_317	4	4	0	7	0	0	0	0	0	0	1	0	11	9	2	6	0	0	0	0	0	0	0	0	0	0	0	0	0	0	0	0
OTU_318	0	1	0	0	0	4	0	3	0	3	0	1	0	0	1	2	0	0	1	5	0	0	0	4	3	0	10	0	0	4	1	1
OTU_319	4	0	0	0	3	7	1	0	0	0	0	0	3	1	0	1	0	3	0	0	6	0	7	0	5	0	0	2	0	1	0	0
OTU_320	0	0	0	0	0	0	0	0	0	0	43	0	0	0	0	0	0	0	0	0	0	0	0	0	0	0	0	0	0	1	0	0
OTU_321	0	0	0	0	0	0	5	16	0	0	0	0	0	0	1	0	0	0	0	0	0	1	0	0	0	0	0	0	0	0	0	21
OTU_322	0	0	0	0	0	1	2	2	0	10	0	0	0	2	0	1	3	0	3	0	0	3	0	0	0	0	1	14	0	0	0	1
OTU_323	0	8	0	0	0	0	0	0	0	0	0	0	0	0	0	0	0	0	0	35	0	0	0	0	0	0	0	0	0	0	0	0
OTU_324	0	33	0	0	0	0	0	0	0	2	0	0	0	0	0	0	0	0	0	0	0	0	0	0	0	0	8	0	0	0	0	0
OTU_325	0	0	0	0	0	0	0	0	0	0	0	0	0	0	0	0	0	8	0	0	0	1	3	0	0	1	0	17	0	0	0	13
OTU_326	0	0	0	0	0	0	0	0	0	0	0	0	0	0	0	0	0	0	0	0	0	0	0	0	0	0	0	0	0	0	43	0
OTU_327	0	0	0	0	0	0	0	0	0	0	0	0	0	1	0	0	0	0	0	0	0	0	0	0	0	0	42	0	0	0	0	0
OTU_328	0	0	0	0	0	0	0	0	0	42	0	0	0	0	0	0	0	0	0	0	0	0	0	0	0	0	0	0	0	0	0	0
OTU_329	0	4	0	0	0	0	0	0	0	3	1	1	0	0	0	2	0	4	0	2	0	4	0	0	1	0	17	0	0	3	0	0
OTU_330	0	0	0	0	0	0	0	0	3	1	3	1	1	2	1	8	0	0	1	2	5	1	0	1	1	0	0	4	0	2	2	3
OTU_331	15	0	8	0	0	0	6	2	4	0	0	0	0	0	0	1	0	0	0	0	0	0	2	0	3	1	0	0	0	0	0	0
OTU_332	0	0	0	0	0	0	0	0	0	2	0	0	0	0	0	1	0	1	0	9	0	0	0	0	0	0	23	0	0	5	1	0
OTU_333	0	0	0	0	0	0	0	0	0	0	0	0	0	0	0	0	0	0	0	42	0	0	0	0	0	0	0	0	0	0	0	0
OTU_334	0	11	0	0	0	0	0	0	0	0	0	0	0	0	0	0	0	0	0	0	0	0	0	0	18	0	0	13	0	0	0	0
OTU_335	0	0	0	0	0	0	0	1	0	0	0	0	0	0	0	0	0	39	0	0	0	0	0	0	0	0	0	1	0	0	0	0
OTU_336	0	0	0	0	0	39	0	0	0	0	1	0	0	0	0	0	0	0	0	0	1	0	0	0	0	0	0	0	0	0	0	0
OTU_337	0	7	0	0	0	0	0	0	0	0	0	0	0	0	0	0	0	0	0	34	0	0	0	0	0	0	0	0	0	0	0	0
OTU_338	0	0	0	41	0	0	0	0	0	0	0	0	0	0	0	0	0	0	0	0	0	0	0	0	0	0	0	0	0	0	0	0
OTU_339	0	2	0	0	0	0	0	1	2	0	3	0	11	0	5	2	0	0	0	0	0	6	0	1	0	0	0	0	5	0	2	0
OTU_340	0	4	0	0	2	0	0	0	0	0	0	0	1	0	1	2	0	2	0	6	1	0	0	0	19	0	0	0	0	0	1	0
OTU_341	0	0	0	0	0	1	12	8	0	0	0	1	0	6	3	0	0	0	0	0	0	0	0	0	0	0	0	0	0	6	1	0
OTU_342	0	0	0	0	2	32	0	0	0	0	0	0	0	0	0	2	0	0	0	0	0	0	0	0	0	0	0	0	0	2	0	0
OTU_343	0	4	0	0	0	0	0	0	0	0	0	0	0	0	0	5	0	0	0	0	0	29	0	0	0	0	0	0	0	0	0	0
OTU_344	0	2	0	1	0	0	0	0	0	0	0	0	0	0	0	5	1	0	1	0	0	0	22	4	0	0	2	0	0	0	0	0
OTU_345	0	0	0	0	0	0	0	0	0	0	0	0	0	0	0	0	0	0	0	38	0	0	0	0	0	0	0	0	0	0	0	0
OTU_346	0	0	13	0	0	0	0	1	0	0	0	0	0	0	1	3	0	1	1	1	0	0	0	0	0	0	0	15	0	0	0	1
OTU_347	0	0	0	0	0	0	0	0	0	0	0	0	0	0	0	0	0	0	0	0	0	0	0	0	37	0	0	0	0	0	0	0
OTU_348	0	4	0	0	0	0	0	0	0	16	0	0	0	0	0	2	1	0	0	5	0	0	0	0	0	0	7	0	0	2	0	0
OTU_349	0	1	0	0	1	33	0	0	0	0	0	0	0	0	0	2	0	0	0	0	0	0	0	0	0	0	0	0	0	0	0	0
OTU_350	0	0	1	0	28	0	0	0	0	0	0	0	0	0	0	0	0	0	0	5	0	1	0	0	1	0	0	0	0	0	0	0
OTU_351	0	1	0	8	0	0	0	0	0	4	4	0	0	0	2	2	0	0	4	1	0	3	0	0	0	0	4	0	0	0	3	0
OTU_352	0	0	0	0	9	1	0	0	0	0	0	0	0	0	0	3	0	1	0	0	0	0	0	0	22	0	0	0	0	0	0	0
OTU_353	0	0	0	0	0	0	0	0	0	0	0	0	0	0	0	0	0	0	0	0	0	0	0	0	0	0	0	35	0	0	0	0
OTU_354	0	0	0	0	0	0	0	0	0	7	0	0	0	0	0	1	0	0	0	1	0	8	0	0	0	0	9	0	4	0	5	0
OTU_355	0	0	0	0	0	0	0	0	0	0	0	0	0	0	0	0	0	0	0	0	0	34	0	0	0	0	0	0	0	0	0	0
OTU_356	0	2	0	0	0	0	0	0	0	9	0	0	0	0	0	0	0	0	0	5	0	0	0	0	0	0	15	0	0	2	1	0
OTU_357	0	2	0	6	1	0	0	0	0	0	5	0	0	0	0	0	0	3	0	0	0	3	0	0	6	0	0	2	2	0	4	0
OTU_358	0	0	0	0	0	0	0	0	0	34	0	0	0	0	0	0	0	0	0	0	0	0	0	0	0	0	0	0	0	0	0	0
OTU_359	5	0	0	0	0	0	0	0	0	0	0	0	26	0	0	0	0	0	0	0	0	0	0	3	0	0	0	0	0	0	0	0
OTU_360	0	0	0	0	1	0	0	1	0	0	0	0	0	6	0	0	1	0	0	1	1	13	0	0	0	1	0	8	1	0	0	0
OTU_361	0	0	0	0	0	0	0	0	0	2	0	0	0	0	0	5	0	0	0	5	0	0	0	0	0	0	21	0	0	1	0	0
OTU_362	0	0	0	0	0	0	0	0	0	0	0	0	0	0	0	0	33	0	0	0	0	0	0	0	0	0	0	0	0	0	0	0
OTU_363	0	0	3	0	4	5	0	0	1	0	2	2	1	0	0	4	0	1	0	0	0	0	0	2	3	0	0	4	0	0	0	1
OTU_364	0	0	0	0	0	0	0	0	0	0	0	0	0	0	0	0	0	0	0	0	0	0	0	0	0	0	0	32	0	0	0	0
OTU_365	0	1	1	1	2	1	0	1	0	1	0	0	2	10	0	0	0	0	0	3	0	0	0	1	1	0	7	0	0	0	0	0
OTU_366	0	0	0	0	0	0	0	0	0	0	31	0	0	0	0	0	0	0	0	0	0	0	0	0	0	0	0	0	0	0	0	0
OTU_367	0	1	0	0	0	0	0	0	0	0	0	0	0	0	0	5	0	0	0	16	0	0	0	0	0	0	8	0	0	0	0	0
OTU_368	0	2	0	0	0	0	0	0	0	3	0	0	0	0	0	0	0	0	0	25	0	0	0	0	0	0	0	0	0	0	0	0
OTU_369	0	0	0	0	0	0	0	4	0	0	0	0	0	0	0	0	0	0	0	0	0	0	17	0	0	0	6	0	3	0	0	0
OTU_370	0	0	0	0	2	2	0	0	1	0	1	0	1	13	1	0	0	0	3	0	0	1	1	0	0	0	2	0	0	1	0	0
OTU_371	0	1	0	0	0	0	0	0	0	7	0	0	0	0	0	3	0	0	0	11	0	0	0	1	0	0	2	0	0	2	2	0
OTU_372	0	17	0	0	0	0	0	0	0	0	0	0	0	0	0	0	0	0	0	1	0	0	0	0	0	0	10	0	0	0	0	0
OTU_373	0	0	0	0	0	0	0	0	0	28	0	0	0	0	0	0	0	0	0	0	0	0	0	0	0	0	0	0	0	0	0	0
OTU_374	0	0	0	0	0	0	28	0	0	0	0	0	0	0	0	0	0	0	0	0	0	0	0	0	0	0	0	0	0	0	0	0
OTU_375	0	0	0	0	0	0	0	0	0	0	5	0	0	0	0	0	0	0	0	0	0	0	0	0	0	0	0	0	0	0	22	0
OTU_376	0	0	0	0	0	0	0	6	0	0	0	0	0	4	1	1	0	0	0	0	0	0	0	0	0	0	7	0	0	0	8	0
OTU_377	0	1	0	0	0	0	0	0	0	17	0	0	0	0	0	2	0	0	0	4	0	0	0	0	0	0	3	0	0	0	0	0
OTU_378	0	0	0	3	0	0	7	0	5	5	0	0	0	2	0	1	0	0	3	0	0	0	1	0	0	0	0	0	0	0	0	0
OTU_379	0	16	0	0	0	0	0	0	0	0	0	0	0	0	0	1	0	0	0	7	0	0	0	0	0	0	2	0	0	0	1	0
OTU_380	0	2	0	1	0	0	0	0	0	3	1	0	0	0	0	1	1	0	0	6	0	1	0	0	5	0	1	0	0	5	0	0
OTU_381	0	0	0	0	0	0	0	1	0	25	0	0	0	0	0	0	0	0	0	0	0	0	0	0	0	0	0	0	0	0	0	0
OTU_382	0	0	0	0	1	0	0	5	0	1	1	0	0	0	2	0	0	0	0	7	0	0	0	0	0	3	2	0	0	0	0	4
OTU_383	0	0	0	0	7	0	0	0	0	1	0	0	1	7	0	0	0	0	1	2	1	4	0	0	0	0	1	0	0	0	0	0
OTU_384	0	0	0	0	1	0	0	0	0	0	1	0	0	15	0	0	0	0	0	2	0	0	0	0	1	0	0	0	0	5	0	0
OTU_385	0	3	0	0	0	0	0	0	0	22	0	0	0	0	0	0	0	0	0	0	0	0	0	0	0	0	0	0	0	0	0	0
OTU_386	0	1	0	0	18	0	0	0	0	2	2	0	0	0	0	0	0	0	1	0	0	0	0	0	0	0	0	0	0	0	0	0
OTU_387	0	0	0	0	0	0	0	0	0	0	0	0	0	0	0	0	0	0	0	0	0	24	0	0	0	0	0	0	0	0	0	0
OTU_388	1	0	0	0	1	0	2	0	0	0	0	0	0	3	0	0	0	0	4	0	0	0	0	0	1	8	1	1	0	0	2	0
OTU_389	0	0	0	9	0	0	0	0	0	0	0	0	0	0	0	0	0	1	1	0	0	0	0	0	0	0	4	0	4	0	1	4
OTU_390	0	0	3	0	1	0	14	0	0	0	0	0	0	0	0	0	0	0	0	0	0	0	0	0	5	0	0	0	0	0	1	0
OTU_391	0	1	0	2	0	0	0	0	0	3	0	0	0	0	0	1	0	0	1	3	0	7	0	1	0	0	1	0	2	0	0	1
OTU_392	0	0	0	0	0	1	0	0	0	0	0	0	0	0	0	20	0	0	0	0	0	0	0	0	0	0	0	0	0	2	0	0
OTU_393	0	1	0	0	0	0	0	0	0	1	0	0	0	0	0	2	1	0	9	0	0	0	1	0	0	0	5	0	2	0	0	1
OTU_394	0	0	0	0	0	0	0	0	0	0	0	0	0	0	0	0	0	0	0	0	0	0	0	0	0	23	0	0	0	0	0	0
OTU_395	2	0	0	0	0	0	0	0	0	1	0	0	0	0	0	2	0	0	0	0	0	0	0	0	0	0	10	0	0	0	0	8
OTU_396	0	0	0	0	0	0	0	0	0	0	0	0	0	0	0	0	0	0	0	22	0	0	0	0	0	0	0	0	0	0	0	0
OTU_397	0	22	0	0	0	0	0	0	0	0	0	0	0	0	0	0	0	0	0	0	0	0	0	0	0	0	0	0	0	0	0	0
OTU_398	0	0	0	7	0	0	0	0	0	0	0	0	0	0	0	0	0	0	0	15	0	0	0	0	0	0	0	0	0	0	0	0
OTU_399	1	0	0	0	2	0	0	0	0	0	0	0	3	0	0	0	0	0	0	0	0	0	0	0	0	15	0	0	0	0	0	0
OTU_400	0	0	0	0	0	0	0	0	0	21	0	0	0	0	0	0	0	0	0	0	0	0	0	0	0	0	0	0	0	0	0	0
OTU_401	0	0	0	0	0	0	0	0	0	8	0	0	0	0	0	0	0	0	0	0	0	12	0	0	0	0	0	0	0	0	0	1
OTU_402	0	0	0	1	3	0	0	0	0	2	2	0	0	0	0	2	0	0	1	1	0	2	0	0	1	0	4	0	1	0	1	0
OTU_403	0	0	0	0	13	0	0	2	0	0	0	0	0	0	0	0	0	0	1	0	0	0	0	0	0	1	0	2	0	2	0	0
OTU_404	0	7	0	0	0	0	0	0	0	1	2	0	0	1	0	0	0	0	0	2	0	2	0	0	0	0	1	1	0	1	3	0
OTU_405	0	6	0	1	0	0	0	0	0	0	0	5	0	0	0	0	0	2	0	5	0	0	0	2	0	0	0	0	0	0	0	0
OTU_406	0	0	0	0	0	0	0	0	0	0	0	0	0	0	0	0	0	0	20	0	0	0	0	0	0	0	0	0	0	0	0	0
OTU_407	0	0	0	19	0	1	0	0	0	0	0	0	0	0	0	0	0	0	0	0	0	0	0	0	0	0	0	0	0	0	0	0
OTU_408	0	0	0	0	0	12	0	1	0	0	0	0	0	0	0	0	0	0	0	2	0	0	0	0	1	0	0	0	0	4	0	0
OTU_409	0	0	0	0	13	0	5	0	0	0	0	0	0	0	0	0	0	1	1	0	0	0	0	0	0	0	0	0	0	0	0	0
OTU_410	0	0	0	0	0	0	0	0	0	0	0	0	0	0	0	0	0	0	0	0	0	0	0	0	0	0	17	1	2	0	0	0
OTU_411	0	0	0	0	0	0	0	0	0	0	0	0	0	0	0	1	0	1	0	0	0	0	0	0	0	0	2	1	0	0	0	15
OTU_412	0	0	0	0	0	0	0	0	0	0	0	0	0	19	0	0	0	0	0	0	0	0	0	0	0	0	0	0	0	0	0	0
OTU_413	0	6	0	0	0	0	0	0	0	0	0	0	0	0	0	0	0	9	0	4	0	0	0	0	0	0	0	0	0	0	0	0
OTU_414	0	0	0	0	0	0	10	0	1	0	0	0	4	0	0	0	0	1	0	0	0	0	0	3	0	0	0	0	0	0	0	0
OTU_415	0	0	0	0	0	0	0	6	1	0	0	3	0	0	2	0	0	0	0	2	0	1	0	1	0	0	0	0	0	2	1	0
OTU_416	0	1	0	0	1	0	0	0	0	3	1	0	0	0	0	0	0	0	0	0	0	1	0	0	0	0	6	0	0	3	2	1
OTU_417	0	0	0	0	0	0	0	0	0	0	0	0	0	0	0	6	0	0	0	0	0	0	0	0	0	0	0	0	0	0	13	0
OTU_418	0	0	0	0	0	0	2	0	0	0	0	0	0	11	0	0	0	0	1	0	0	1	0	0	0	1	0	0	0	3	0	0
OTU_419	0	0	0	0	0	0	0	3	0	0	5	1	0	0	2	1	0	0	2	0	0	0	0	1	0	0	3	0	0	0	0	0
OTU_420	0	0	0	0	0	0	0	0	0	0	0	0	0	0	0	0	0	0	0	18	0	0	0	0	0	0	0	0	0	0	0	0
OTU_421	0	0	0	0	1	0	0	0	0	0	1	0	0	0	0	0	0	0	9	0	0	1	0	0	0	1	3	0	0	2	0	0
OTU_422	0	0	0	3	0	0	0	0	0	4	0	0	0	0	0	0	0	0	0	0	0	0	0	0	0	0	0	0	0	0	11	0
OTU_423	0	0	0	0	1	0	0	0	0	0	0	0	0	0	0	0	0	0	0	1	0	0	0	0	0	0	10	0	0	1	4	0
OTU_424	0	0	0	0	2	0	0	0	0	0	3	0	0	3	0	0	0	0	6	0	0	1	0	0	0	0	0	0	0	2	0	0
OTU_425	2	0	1	0	0	0	5	0	0	0	0	1	0	0	1	0	1	0	0	0	1	0	0	1	0	3	0	0	1	0	0	0
OTU_426	0	0	0	0	15	0	0	0	0	0	0	0	0	0	0	1	0	1	0	0	0	0	0	0	0	0	0	0	0	0	0	0
OTU_427	0	0	0	0	0	0	0	0	0	5	0	0	0	0	0	0	0	0	0	10	0	0	0	0	0	0	0	0	0	0	0	2
OTU_428	0	0	0	0	0	0	0	0	0	0	0	0	0	0	0	0	0	0	0	0	0	0	0	0	0	0	0	0	0	0	0	16
OTU_429	0	0	0	0	0	0	0	0	2	0	0	0	0	0	2	0	0	0	0	0	5	6	0	0	0	1	0	0	0	0	0	0
OTU_430	0	3	0	0	0	0	0	0	0	0	0	0	0	0	0	0	0	0	0	13	0	0	0	0	0	0	0	0	0	0	0	0
OTU_431	0	15	0	0	1	0	0	0	0	0	0	0	0	0	0	0	0	0	0	0	0	0	0	0	0	0	0	0	0	0	0	0
OTU_432	0	0	0	0	0	0	0	0	0	4	0	0	0	0	0	0	0	0	0	11	0	0	0	0	1	0	0	0	0	0	0	0
OTU_433	0	16	0	0	0	0	0	0	0	0	0	0	0	0	0	0	0	0	0	0	0	0	0	0	0	0	0	0	0	0	0	0
OTU_434	0	0	0	0	0	0	0	0	0	0	0	0	4	0	0	0	0	0	0	0	0	0	0	0	0	0	0	0	0	12	0	0
OTU_435	0	0	0	0	1	10	0	0	0	0	0	0	0	0	0	4	0	0	0	0	0	0	0	0	0	0	0	0	0	1	0	0
OTU_436	0	1	0	0	0	0	0	0	0	1	1	0	0	0	0	0	0	0	1	4	0	1	0	2	0	0	3	0	0	0	1	0
OTU_437	0	0	0	0	0	15	0	0	0	0	0	0	0	0	0	0	0	0	0	0	0	0	0	0	0	0	0	0	0	0	0	0
OTU_438	0	0	0	0	0	0	0	0	3	1	2	0	0	0	1	1	0	0	0	0	0	0	3	0	0	1	0	0	0	0	3	0
OTU_439	0	0	0	0	0	0	0	0	0	0	11	0	0	0	0	0	0	0	0	0	0	0	0	0	0	0	0	0	0	0	4	0
OTU_440	1	0	0	0	0	7	0	0	0	0	0	0	0	4	0	0	0	0	0	0	2	0	0	0	0	0	0	0	1	0	0	0
OTU_441	0	15	0	0	0	0	0	0	0	0	0	0	0	0	0	0	0	0	0	0	0	0	0	0	0	0	0	0	0	0	0	0
OTU_442	0	0	0	0	1	1	0	1	1	0	3	1	0	0	2	0	0	0	0	2	0	0	0	0	0	1	0	0	1	0	0	0
OTU_443	0	0	0	0	0	0	0	0	0	1	0	0	0	0	0	0	0	0	3	1	0	0	0	0	0	0	5	0	0	4	0	0
OTU_444	0	1	0	0	0	0	0	0	0	0	0	0	0	0	0	0	0	0	0	1	0	0	0	0	0	0	0	0	6	0	6	0
OTU_445	0	13	0	0	0	0	0	0	0	0	0	0	0	0	0	0	1	0	0	0	0	0	0	0	0	0	0	0	0	0	0	0
OTU_446	0	0	0	0	0	0	0	0	0	0	0	0	0	0	0	0	0	0	0	0	0	0	0	0	0	14	0	0	0	0	0	0
OTU_447	0	0	0	0	0	0	0	0	0	0	0	0	0	0	0	0	0	0	3	0	0	1	0	0	0	0	7	0	3	0	0	0
OTU_448	0	0	0	14	0	0	0	0	0	0	0	0	0	0	0	0	0	0	0	0	0	0	0	0	0	0	0	0	0	0	0	0
OTU_449	0	6	0	0	0	0	0	0	0	1	0	0	0	0	0	0	0	1	0	3	0	0	0	0	0	0	0	0	0	0	3	0
OTU_450	0	0	0	0	0	0	0	0	0	0	0	0	0	0	0	0	0	0	0	0	0	0	0	0	0	0	14	0	0	0	0	0
OTU_451	0	0	0	0	0	0	0	0	0	0	0	0	0	0	0	1	0	1	0	0	0	0	0	0	0	0	0	0	1	4	7	0
OTU_452	0	1	0	0	0	0	0	0	0	2	0	3	0	0	0	0	0	3	0	2	0	1	0	0	0	0	0	0	0	2	0	0
OTU_453	0	0	0	0	0	0	0	0	0	0	1	2	0	0	0	0	1	0	4	1	0	0	0	0	0	0	2	0	1	0	1	0
OTU_454	0	2	0	0	0	0	0	1	0	0	0	0	0	0	0	1	0	0	0	0	0	2	1	0	0	0	0	2	0	0	2	2
OTU_455	0	0	0	1	0	1	0	0	1	0	0	1	0	0	0	1	0	0	1	1	0	0	0	0	1	0	2	0	0	0	1	2
OTU_456	7	0	0	0	0	0	1	0	0	0	0	0	0	2	0	0	0	0	0	0	0	0	0	0	2	0	0	0	1	0	0	0
OTU_457	0	0	0	0	0	0	0	0	0	0	0	0	0	0	0	0	2	0	0	8	0	0	0	0	0	0	0	0	0	0	0	3
OTU_458	0	1	0	0	0	0	0	0	0	0	0	0	0	0	0	0	12	0	0	0	0	0	0	0	0	0	0	0	0	0	0	0
OTU_459	0	4	0	0	0	0	0	0	0	5	0	0	0	0	0	0	0	0	0	0	0	0	0	0	0	0	0	0	0	0	3	0
OTU_460	0	0	0	0	0	0	0	0	0	6	0	0	3	0	0	0	0	0	0	0	0	0	2	0	0	0	1	0	0	0	0	0
OTU_461	0	0	0	0	0	0	0	0	0	0	0	0	0	0	0	0	0	0	0	12	0	0	0	0	0	0	0	0	0	0	0	0
OTU_462	0	0	0	0	0	0	0	0	0	1	0	0	0	0	0	0	0	0	0	6	0	0	0	0	0	0	2	0	0	0	0	3
OTU_463	0	0	0	0	0	5	0	0	0	0	0	0	0	1	0	1	0	0	0	2	0	0	0	0	2	0	0	0	0	0	0	1
OTU_464	0	0	0	1	0	0	0	0	0	0	0	0	0	0	0	0	0	0	1	0	1	0	0	4	0	0	3	0	0	0	1	1
OTU_465	0	0	0	0	0	0	0	0	0	0	0	0	1	2	0	0	0	6	0	0	0	0	0	0	0	0	0	0	0	3	0	0
OTU_466	0	0	0	0	0	4	0	0	0	0	0	0	0	0	0	0	0	0	0	0	0	0	0	1	0	0	6	0	0	0	1	0
OTU_467	0	0	0	0	0	0	0	0	0	0	0	0	0	0	0	0	0	0	0	0	0	0	0	0	0	0	12	0	0	0	0	0
OTU_468	2	0	1	0	0	0	0	0	0	0	0	0	3	0	0	0	1	0	0	0	0	0	1	0	0	3	0	0	1	0	0	0
OTU_469	0	0	0	0	0	0	0	0	0	0	0	0	3	0	0	0	0	5	1	2	0	0	0	1	0	0	0	0	0	0	0	0
OTU_470	0	1	0	0	1	1	1	0	0	1	0	0	0	0	0	0	0	5	0	0	1	0	0	0	0	0	0	1	0	0	0	0
OTU_471	0	0	0	0	11	0	0	0	0	0	0	0	0	0	0	0	0	0	0	0	0	0	0	0	0	0	0	0	0	0	0	0
OTU_472	0	0	0	0	0	0	0	0	0	0	0	0	0	0	0	3	0	0	0	0	5	0	0	0	0	0	0	0	1	2	0	0
OTU_473	0	1	0	0	0	0	0	0	0	2	1	0	0	0	0	4	0	0	0	0	0	0	0	0	0	0	2	0	1	0	0	0
OTU_474	0	2	0	0	0	0	0	0	0	2	0	0	0	0	0	0	0	1	0	5	0	0	0	0	0	0	0	1	0	0	0	0
OTU_475	0	0	0	0	0	0	0	4	0	0	3	0	0	0	0	1	0	2	0	0	0	0	0	0	0	0	0	1	0	0	0	0
OTU_476	0	0	0	0	0	0	0	6	0	0	0	0	0	0	0	0	0	0	0	1	1	0	0	2	0	0	1	0	0	0	0	0
OTU_477	2	0	1	0	0	0	0	1	0	0	1	1	0	0	0	0	0	0	1	0	0	1	0	0	1	0	2	0	0	0	0	0
OTU_478	0	0	0	0	4	0	0	0	0	0	0	0	0	0	0	0	0	0	0	0	2	0	0	0	0	0	4	0	0	1	0	0
OTU_479	0	1	0	0	0	0	0	0	0	1	0	2	2	0	1	0	0	0	0	0	0	0	0	0	0	0	0	1	0	2	1	0
OTU_480	0	0	0	0	0	0	0	0	0	1	0	1	0	0	0	2	0	0	0	0	0	0	0	0	0	0	3	0	0	0	0	4
OTU_481	0	0	3	0	0	0	0	0	0	0	0	0	3	0	1	0	1	0	0	0	0	0	2	0	0	0	0	1	0	0	0	0
OTU_482	0	0	0	0	0	0	0	3	0	0	0	0	0	0	0	0	0	1	3	0	0	0	0	0	0	0	0	0	0	0	4	0
OTU_483	0	1	0	0	0	0	0	0	0	2	0	0	0	0	0	0	0	0	0	7	0	0	0	0	0	0	0	0	0	0	0	0
OTU_484	0	0	1	0	0	0	0	0	0	1	0	2	0	2	0	3	0	0	0	1	0	0	0	0	0	0	0	0	0	0	0	0
OTU_485	0	0	0	0	0	0	0	0	0	0	0	0	0	0	0	0	0	0	3	0	0	0	0	0	0	0	1	0	2	3	1	0
OTU_486	0	4	0	0	0	0	0	0	0	0	0	0	0	0	0	0	3	0	1	0	0	0	0	0	1	0	0	0	0	1	0	0
OTU_487	1	0	0	0	1	1	0	0	0	0	0	0	1	2	1	0	0	0	0	1	0	0	0	0	0	1	0	0	0	1	0	0
OTU_488	0	0	0	0	0	0	0	0	0	0	0	0	0	0	0	1	0	0	0	0	0	4	0	1	0	1	0	0	3	0	0	0
OTU_489	1	0	0	0	0	0	4	0	1	0	1	0	0	0	0	0	0	0	0	0	0	0	2	0	1	0	0	0	0	0	0	0
OTU_490	0	0	1	0	0	0	0	0	1	1	0	0	0	2	0	1	0	0	0	2	2	0	0	0	0	0	0	0	0	0	0	0
OTU_491	0	0	0	0	6	0	0	0	0	0	0	0	0	0	0	1	0	0	0	0	0	0	0	0	0	0	0	3	0	0	0	0
OTU_492	0	0	0	0	0	0	0	0	0	0	10	0	0	0	0	0	0	0	0	0	0	0	0	0	0	0	0	0	0	0	0	0
OTU_493	0	0	0	0	0	0	0	0	0	0	4	0	0	0	0	0	0	0	0	0	0	6	0	0	0	0	0	0	0	0	0	0
OTU_494	3	0	0	1	0	0	0	0	0	3	0	0	0	0	0	0	0	0	0	0	0	0	0	0	0	0	3	0	0	0	0	0
OTU_495	0	0	0	5	0	0	0	0	0	0	0	0	0	0	0	0	0	2	2	0	0	0	0	0	0	0	0	0	0	0	0	1
OTU_496	0	0	0	0	0	0	2	0	0	0	2	0	0	0	0	0	0	1	0	0	0	0	0	0	0	0	2	0	0	0	0	3
OTU_497	0	2	0	0	0	0	0	0	0	0	0	0	0	0	0	0	3	0	0	0	0	0	0	5	0	0	0	0	0	0	0	0
OTU_498	0	6	0	0	0	0	0	0	0	0	0	0	0	0	0	0	0	4	0	0	0	0	0	0	0	0	0	0	0	0	0	0
OTU_499	0	0	0	0	0	0	0	0	0	0	0	0	0	0	0	0	0	0	0	9	0	0	0	0	0	0	1	0	0	0	0	0
OTU_500	0	0	0	0	0	0	0	0	0	0	0	0	0	0	0	0	0	0	0	2	0	0	0	0	0	0	5	0	0	1	1	0
OTU_501	0	0	0	0	0	0	0	0	0	0	0	0	0	0	0	0	0	0	0	0	0	0	0	0	0	0	0	8	0	0	1	0
OTU_502	0	0	0	0	0	0	0	0	0	0	1	0	0	1	2	1	0	0	0	1	0	1	0	0	0	0	0	0	0	0	0	2
OTU_503	0	0	0	0	0	0	0	0	0	1	0	0	0	0	0	2	0	5	0	0	0	0	0	0	1	0	0	0	0	0	0	0
OTU_504	0	1	0	0	0	0	0	0	0	2	0	0	0	0	0	0	0	0	0	2	0	0	0	0	0	0	2	0	1	1	0	0
OTU_505	0	0	0	0	0	0	1	3	0	0	0	0	0	0	1	0	0	0	0	0	0	0	0	0	0	0	0	1	0	0	0	3
OTU_506	0	1	0	0	0	0	0	0	0	0	0	0	0	0	3	0	0	0	0	2	1	0	0	0	0	2	0	0	0	0	0	0
OTU_507	0	0	0	0	7	0	0	0	0	0	2	0	0	0	0	0	0	0	0	0	0	0	0	0	0	0	0	0	0	0	0	0
OTU_508	0	0	0	0	0	0	0	0	0	0	0	0	0	4	0	0	2	0	0	2	0	0	0	0	0	1	0	0	0	0	0	0
OTU_509	0	0	0	0	3	0	0	0	0	2	0	0	0	0	0	0	0	0	0	1	0	0	0	0	0	0	3	0	0	0	0	0
OTU_510	0	0	1	0	0	0	0	0	0	0	0	0	0	0	0	0	1	0	0	4	0	0	0	0	0	0	0	0	0	0	3	0
OTU_511	0	0	0	0	0	0	9	0	0	0	0	0	0	0	0	0	0	0	0	0	0	0	0	0	0	0	0	0	0	0	0	0
OTU_512	0	0	0	0	0	0	0	0	0	0	0	0	0	0	0	0	0	0	0	0	0	0	0	0	0	0	0	0	0	0	9	0
OTU_513	0	1	0	0	0	0	0	0	0	1	0	0	0	0	0	0	1	0	0	0	0	2	0	4	0	0	0	0	0	0	0	0
OTU_514	0	0	0	0	0	0	0	0	0	0	0	0	9	0	0	0	0	0	0	0	0	0	0	0	0	0	0	0	0	0	0	0
OTU_515	0	0	0	0	0	0	0	0	0	0	0	0	0	0	0	0	0	0	0	0	0	0	0	0	0	0	0	0	0	0	0	9
OTU_516	0	0	0	0	0	0	0	0	0	9	0	0	0	0	0	0	0	0	0	0	0	0	0	0	0	0	0	0	0	0	0	0
OTU_517	0	0	0	0	0	0	0	0	0	0	3	0	0	0	0	0	0	0	0	0	0	0	0	0	0	0	0	0	0	0	5	0
OTU_518	0	4	0	0	0	0	0	0	0	0	0	0	0	0	0	0	0	0	0	0	0	0	0	0	0	0	2	0	0	0	2	0
OTU_519	0	0	0	0	0	0	0	0	0	0	0	0	0	4	0	0	0	0	2	0	0	0	0	0	0	0	0	0	0	2	0	0
OTU_520	0	0	0	0	0	0	0	0	0	0	0	0	0	0	0	0	0	1	0	0	0	0	1	0	0	0	5	0	0	0	1	0
OTU_521	0	2	0	0	0	0	0	1	0	0	0	0	0	0	0	0	0	0	0	1	0	0	0	0	0	0	0	0	1	1	2	0
OTU_522	0	7	0	0	0	0	0	1	0	0	0	0	0	0	0	0	0	0	0	0	0	0	0	0	0	0	0	0	0	0	0	0
OTU_523	0	0	0	0	0	0	0	0	5	0	0	0	0	0	0	0	0	0	0	1	0	0	0	1	0	0	1	0	0	0	0	0
OTU_524	0	1	0	1	1	0	0	0	0	0	0	0	0	0	0	0	0	0	0	0	0	0	0	1	1	0	0	0	0	0	1	2
OTU_525	0	0	0	0	0	0	0	0	0	0	0	0	0	0	0	8	0	0	0	0	0	0	0	0	0	0	0	0	0	0	0	0
OTU_526	0	2	0	0	0	0	0	0	0	0	0	1	0	0	0	0	0	4	1	0	0	0	0	0	0	0	0	0	0	0	0	0
OTU_527	0	0	0	0	0	0	1	0	0	0	0	0	0	0	0	0	1	0	0	0	0	0	1	0	0	1	0	1	0	0	0	3
OTU_528	0	0	0	0	0	0	0	2	0	0	0	0	0	0	0	0	0	0	0	0	0	0	0	2	0	0	0	0	0	0	4	0
OTU_529	7	0	0	0	0	0	0	0	0	0	0	0	0	0	0	0	0	0	0	0	0	0	0	0	0	0	0	0	1	0	0	0
OTU_530	0	0	0	0	0	0	0	3	0	0	0	0	0	0	0	0	0	0	2	0	0	0	0	0	0	0	0	0	0	0	0	3
OTU_531	0	0	0	0	0	0	0	0	0	0	0	0	0	3	0	0	0	1	0	0	0	0	0	0	0	0	4	0	0	0	0	0
OTU_532	0	0	0	1	0	0	0	0	0	4	0	0	0	0	0	0	0	1	0	0	0	0	0	0	0	0	0	0	2	0	0	0
OTU_533	0	0	0	0	0	0	0	0	0	6	0	0	0	0	0	0	0	0	0	0	0	0	0	0	0	0	0	0	0	0	2	0
OTU_534	0	0	0	0	0	0	0	1	0	2	0	0	0	0	0	0	0	0	2	0	0	0	0	0	3	0	0	0	0	0	0	0
OTU_535	2	0	0	1	0	0	0	0	0	0	0	0	0	0	0	0	0	0	0	0	0	0	4	0	0	0	0	0	0	0	0	0
OTU_536	0	0	0	0	0	0	0	0	0	0	0	0	0	0	0	0	0	0	0	0	0	0	0	0	0	1	6	0	0	0	0	0
OTU_537	0	1	0	0	0	0	0	0	0	0	0	0	0	0	0	0	0	0	0	0	0	0	0	0	0	6	0	0	0	0	0	0
OTU_538	0	0	0	0	0	0	0	0	0	0	0	0	0	0	0	0	0	0	0	0	0	0	0	0	0	0	0	0	0	0	7	0
OTU_539	0	0	0	0	0	0	0	0	0	1	0	0	0	0	0	2	0	0	0	1	2	0	1	0	0	0	0	0	0	0	0	0
OTU_540	0	0	0	0	0	1	0	0	0	1	0	0	1	0	0	0	0	0	0	1	0	0	0	2	0	1	0	0	0	0	0	0
OTU_541	0	0	0	0	0	0	0	0	0	0	6	0	0	0	0	0	0	0	0	0	0	0	0	0	0	0	1	0	0	0	0	0
OTU_542	0	0	0	0	0	1	0	0	0	0	0	0	0	1	0	1	0	0	3	0	0	0	0	0	0	1	0	0	0	0	0	0
OTU_543	0	0	0	0	0	0	0	0	0	0	0	0	0	0	0	0	0	0	0	0	0	0	0	0	0	0	7	0	0	0	0	0
OTU_544	0	0	0	0	0	0	0	0	0	0	0	0	0	0	0	0	3	0	0	0	0	3	0	0	0	0	0	0	0	0	1	0
OTU_545	0	0	0	0	0	0	7	0	0	0	0	0	0	0	0	0	0	0	0	0	0	0	0	0	0	0	0	0	0	0	0	0
OTU_546	0	0	1	0	0	0	0	0	0	0	1	0	3	0	0	0	0	1	0	0	0	0	0	1	0	0	0	0	0	0	0	0
OTU_547	0	0	0	0	0	0	0	0	0	0	2	0	0	0	0	2	0	0	0	1	0	0	0	0	0	0	0	0	0	0	2	0
OTU_548	0	0	0	1	0	0	0	0	0	0	0	0	0	0	0	0	0	0	0	3	0	0	0	0	1	0	0	2	0	0	0	0
OTU_549	0	0	0	0	0	0	0	0	0	7	0	0	0	0	0	0	0	0	0	0	0	0	0	0	0	0	0	0	0	0	0	0
OTU_550	0	0	0	0	0	0	0	0	0	7	0	0	0	0	0	0	0	0	0	0	0	0	0	0	0	0	0	0	0	0	0	0
OTU_551	0	1	0	0	0	0	0	0	0	6	0	0	0	0	0	0	0	0	0	0	0	0	0	0	0	0	0	0	0	0	0	0
OTU_552	0	0	0	0	0	0	0	0	0	0	0	0	0	0	0	0	0	0	0	0	0	0	0	0	0	0	0	0	0	7	0	0
OTU_553	0	0	0	0	0	0	0	1	0	0	0	0	0	0	0	0	0	0	0	0	0	0	0	0	0	0	0	6	0	0	0	0
OTU_554	0	0	0	0	0	0	0	0	0	0	0	0	0	0	0	0	0	0	0	0	0	0	0	0	0	0	6	0	0	0	0	0
OTU_555	1	0	0	0	0	1	0	0	0	0	0	0	0	2	0	0	0	0	1	0	0	0	0	0	0	0	1	0	0	0	0	0
OTU_556	0	0	1	0	0	0	0	0	0	0	0	0	5	0	0	0	0	0	0	0	0	0	0	0	0	0	0	0	0	0	0	0
OTU_557	0	0	0	0	0	0	0	0	0	6	0	0	0	0	0	0	0	0	0	0	0	0	0	0	0	0	0	0	0	0	0	0
OTU_558	0	0	0	0	0	0	1	0	0	1	0	0	0	2	0	0	0	0	0	0	1	1	0	0	0	0	0	0	0	0	0	0
OTU_559	0	0	0	3	0	0	0	0	0	0	0	0	0	0	0	0	0	0	0	0	0	0	0	0	0	0	0	3	0	0	0	0
OTU_560	0	0	0	0	0	0	6	0	0	0	0	0	0	0	0	0	0	0	0	0	0	0	0	0	0	0	0	0	0	0	0	0
OTU_561	0	0	0	0	0	0	0	0	0	6	0	0	0	0	0	0	0	0	0	0	0	0	0	0	0	0	0	0	0	0	0	0
OTU_562	0	0	0	0	0	0	0	0	0	0	0	0	0	0	0	5	0	0	0	0	0	0	0	0	0	0	0	0	0	0	1	0
OTU_563	0	0	0	0	0	0	0	0	0	2	0	0	0	0	0	0	0	0	0	1	0	0	0	0	0	0	3	0	0	0	0	0
OTU_564	0	0	0	0	1	1	0	0	0	0	0	0	3	0	0	0	0	0	0	0	0	0	0	0	0	1	0	0	0	0	0	0
OTU_565	0	6	0	0	0	0	0	0	0	0	0	0	0	0	0	0	0	0	0	0	0	0	0	0	0	0	0	0	0	0	0	0
OTU_566	1	0	0	0	0	0	0	0	0	0	0	0	2	1	0	0	0	0	0	1	0	0	0	0	0	0	1	0	0	0	0	0
OTU_567	0	0	0	0	0	0	0	0	0	0	0	0	0	0	0	0	0	0	0	6	0	0	0	0	0	0	0	0	0	0	0	0
OTU_568	0	0	0	0	0	0	0	0	0	0	2	0	0	0	0	1	0	2	0	0	0	0	0	0	0	0	0	0	0	1	0	0
OTU_569	0	0	0	0	0	6	0	0	0	0	0	0	0	0	0	0	0	0	0	0	0	0	0	0	0	0	0	0	0	0	0	0
OTU_570	0	0	0	0	0	0	0	0	0	0	0	0	0	0	0	0	0	0	0	0	0	0	0	1	0	0	0	4	0	0	0	1
OTU_571	0	0	0	0	0	0	0	0	0	0	0	0	0	0	0	0	2	0	0	0	0	0	2	1	0	0	0	0	0	1	0	0
OTU_572	0	0	0	0	0	0	0	0	0	0	1	0	0	0	0	2	0	0	0	0	2	0	0	0	0	0	0	1	0	0	0	0
OTU_573	0	0	0	2	0	0	1	2	0	0	0	0	0	0	0	0	0	0	0	0	0	1	0	0	0	0	0	0	0	0	0	0
OTU_574	0	0	0	0	0	0	0	0	0	0	0	0	0	0	0	0	0	0	0	0	0	0	0	5	1	0	0	0	0	0	0	0
OTU_575	0	1	0	0	0	0	0	0	0	0	0	0	0	0	0	0	0	0	0	0	0	4	0	1	0	0	0	0	0	0	0	0
OTU_576	0	0	0	0	0	0	0	0	0	0	0	0	0	0	0	0	0	0	0	0	0	0	0	0	0	0	2	0	0	0	0	4
OTU_577	0	0	0	0	0	0	0	0	0	0	0	0	1	3	0	0	0	0	0	0	0	0	0	0	1	0	0	0	0	0	0	0
OTU_578	0	0	0	0	2	1	0	0	0	0	0	0	0	0	0	0	0	0	0	0	0	0	0	0	0	0	2	0	0	0	0	0
OTU_579	0	2	0	0	0	0	0	0	0	2	0	0	0	0	0	0	0	0	0	1	0	0	0	0	0	0	0	0	0	0	0	0
OTU_580	0	0	0	0	1	0	0	0	0	0	0	0	0	0	0	0	0	0	0	0	1	0	0	0	0	0	0	0	1	0	0	2
OTU_581	0	0	0	0	1	4	0	0	0	0	0	0	0	0	0	0	0	0	0	0	0	0	0	0	0	0	0	0	0	0	0	0
OTU_582	0	0	0	1	0	0	0	0	0	3	0	0	0	0	0	0	0	0	0	0	0	0	0	0	0	0	0	0	1	0	0	0
OTU_583	0	0	0	0	0	1	0	0	2	0	0	0	0	0	0	0	0	0	0	0	0	0	0	0	0	0	0	0	0	0	2	0
OTU_584	0	0	0	0	0	0	0	0	0	0	0	0	0	0	0	0	0	0	0	3	0	1	0	0	0	1	0	0	0	0	0	0
OTU_585	0	0	0	1	0	1	0	0	0	0	2	0	0	0	0	0	0	0	0	0	0	0	0	0	0	0	0	0	0	0	1	0
OTU_586	0	0	0	0	0	0	0	0	0	1	0	0	0	0	0	0	0	0	0	0	0	0	0	0	0	0	1	0	0	3	0	0
OTU_587	0	1	0	0	1	0	0	0	0	1	0	0	0	0	0	0	0	0	0	1	0	0	0	0	0	0	0	1	0	0	0	0
OTU_588	0	0	0	0	0	0	1	0	0	1	0	0	0	0	0	0	0	0	0	0	1	0	1	1	0	0	0	0	0	0	0	0
OTU_589	0	0	0	0	0	0	0	0	0	0	0	0	0	0	0	0	1	4	0	0	0	0	0	0	0	0	0	0	0	0	0	0
OTU_590	0	0	0	0	0	0	0	0	0	0	0	0	0	0	0	0	5	0	0	0	0	0	0	0	0	0	0	0	0	0	0	0
OTU_591	0	0	0	0	0	2	0	0	0	0	0	0	0	0	0	0	0	2	0	0	0	0	1	0	0	0	0	0	0	0	0	0
OTU_592	0	1	0	0	0	0	0	0	0	0	0	0	0	0	0	0	0	0	0	0	0	0	0	0	0	0	0	0	0	0	4	0
OTU_593	0	0	0	1	0	0	1	0	0	0	0	0	0	0	0	0	0	0	0	0	0	0	1	0	0	0	0	0	0	2	0	0
OTU_594	0	1	0	0	0	0	0	0	0	0	0	0	0	0	0	0	0	0	0	0	0	0	0	0	0	0	3	0	0	0	1	0
OTU_595	0	0	0	0	0	0	0	0	0	0	0	0	0	0	0	0	0	0	0	0	0	0	0	0	0	0	5	0	0	0	0	0
OTU_596	0	0	0	0	0	0	0	0	0	0	0	0	1	1	0	0	0	0	0	0	2	0	0	0	0	1	0	0	0	0	0	0
OTU_597	0	0	0	0	0	0	0	0	0	2	0	0	0	0	0	0	0	0	0	0	0	0	0	0	0	0	0	0	2	0	1	0
OTU_598	0	0	0	0	0	0	0	0	0	0	0	0	0	0	0	0	0	0	0	3	0	0	0	0	0	0	1	0	0	0	0	0
OTU_599	0	0	0	0	0	0	0	0	0	1	0	0	0	0	0	0	0	0	0	3	0	0	0	0	0	0	0	0	0	0	0	0
OTU_600	0	0	0	0	0	0	0	0	0	0	4	0	0	0	0	0	0	0	0	0	0	0	0	0	0	0	0	0	0	0	0	0
OTU_601	0	1	0	0	0	0	0	0	0	0	0	0	0	0	0	0	0	1	0	2	0	0	0	0	0	0	0	0	0	0	0	0
OTU_602	0	0	0	0	0	0	0	0	0	0	0	0	0	0	0	3	0	0	0	0	0	0	0	0	0	0	0	1	0	0	0	0
OTU_603	0	0	0	0	0	0	0	0	0	0	0	0	0	0	0	0	0	0	0	4	0	0	0	0	0	0	0	0	0	0	0	0
OTU_604	0	0	0	4	0	0	0	0	0	0	0	0	0	0	0	0	0	0	0	0	0	0	0	0	0	0	0	0	0	0	0	0
OTU_605	0	0	0	0	0	0	0	0	0	0	3	0	0	0	0	0	0	0	0	0	0	0	0	0	0	0	0	0	1	0	0	0
OTU_606	0	0	0	0	0	0	0	0	0	0	0	0	0	1	0	1	0	0	0	0	1	0	0	1	0	0	0	0	0	0	0	0
OTU_607	0	0	0	0	0	0	0	0	0	0	0	0	0	0	0	0	0	0	0	0	0	0	0	0	0	0	4	0	0	0	0	0
OTU_608	0	0	0	0	0	0	0	0	0	0	0	0	0	0	0	0	0	0	0	0	4	0	0	0	0	0	0	0	0	0	0	0
OTU_609	0	0	0	0	0	0	0	0	0	1	0	0	0	1	1	0	0	0	0	0	0	0	0	0	0	0	0	0	0	0	0	1
OTU_610	0	0	0	0	0	0	0	0	0	0	0	0	0	0	0	0	0	0	0	0	0	0	0	0	0	0	0	0	0	0	0	4
OTU_611	0	1	0	0	0	0	0	0	0	0	0	0	0	0	0	0	0	0	0	3	0	0	0	0	0	0	0	0	0	0	0	0
OTU_612	0	0	0	0	0	0	0	0	0	0	0	0	0	0	0	0	0	0	0	0	0	4	0	0	0	0	0	0	0	0	0	0
OTU_613	0	0	0	0	0	1	0	0	1	0	1	0	0	0	0	0	0	0	0	0	0	1	0	0	0	0	0	0	0	0	0	0
OTU_614	0	0	0	0	0	0	0	0	0	0	0	0	0	2	0	0	0	0	0	0	0	1	0	0	0	0	0	0	0	0	1	0
OTU_615	0	0	0	0	0	0	0	0	0	0	0	0	0	3	0	0	0	0	0	0	0	0	0	0	1	0	0	0	0	0	0	0
OTU_616	0	0	0	0	0	0	0	0	0	0	0	0	0	0	0	0	0	0	0	0	0	4	0	0	0	0	0	0	0	0	0	0
OTU_617	0	0	0	0	0	0	0	0	0	0	0	0	0	0	0	0	0	0	0	0	0	0	0	0	0	0	0	0	4	0	0	0
OTU_618	0	0	0	0	0	0	0	0	0	0	0	0	0	0	0	1	0	0	0	2	0	0	0	0	0	0	0	0	0	0	1	0
OTU_619	0	0	0	0	0	1	0	0	0	0	0	1	0	0	0	0	0	0	0	0	0	0	0	0	0	0	0	0	0	0	2	0
OTU_620	0	0	0	2	0	0	0	0	0	0	1	0	0	0	0	0	0	0	0	0	0	0	0	0	0	0	1	0	0	0	0	0
OTU_621	0	0	0	0	4	0	0	0	0	0	0	0	0	0	0	0	0	0	0	0	0	0	0	0	0	0	0	0	0	0	0	0
OTU_622	0	0	0	0	0	0	0	0	0	0	1	0	0	0	0	0	0	0	0	0	1	0	0	0	0	0	2	0	0	0	0	0
OTU_623	0	0	1	0	0	0	0	0	0	0	0	0	0	0	0	1	0	0	0	0	0	0	0	0	0	1	1	0	0	0	0	0
OTU_624	0	0	0	0	0	0	0	0	0	0	0	0	0	0	0	0	0	4	0	0	0	0	0	0	0	0	0	0	0	0	0	0
OTU_625	0	0	0	0	0	0	0	2	0	0	0	0	2	0	0	0	0	0	0	0	0	0	0	0	0	0	0	0	0	0	0	0
OTU_626	0	0	0	0	0	1	0	0	0	0	2	0	1	0	0	0	0	0	0	0	0	0	0	0	0	0	0	0	0	0	0	0
OTU_627	0	0	2	0	0	0	0	0	1	0	1	0	0	0	0	0	0	0	0	0	0	0	0	0	0	0	0	0	0	0	0	0
OTU_628	0	0	0	0	0	0	0	0	0	0	0	0	0	0	0	0	0	0	0	0	0	0	0	0	0	0	3	0	0	0	0	0
OTU_629	0	0	0	0	0	0	0	0	0	0	0	0	0	0	0	0	0	0	0	0	0	0	0	0	0	0	3	0	0	0	0	0
OTU_630	0	0	0	0	0	0	0	0	0	0	0	0	0	0	0	0	0	0	0	3	0	0	0	0	0	0	0	0	0	0	0	0
OTU_631	0	0	0	0	0	0	0	0	0	0	0	0	0	0	0	2	0	0	0	0	0	0	0	1	0	0	0	0	0	0	0	0
OTU_632	0	0	0	0	0	0	0	0	0	0	0	0	0	3	0	0	0	0	0	0	0	0	0	0	0	0	0	0	0	0	0	0
OTU_633	0	0	0	0	3	0	0	0	0	0	0	0	0	0	0	0	0	0	0	0	0	0	0	0	0	0	0	0	0	0	0	0
OTU_634	0	0	0	0	0	0	0	0	0	0	0	0	0	0	0	0	0	0	3	0	0	0	0	0	0	0	0	0	0	0	0	0
OTU_635	0	0	0	0	1	0	0	0	0	0	0	0	0	0	0	0	0	0	0	2	0	0	0	0	0	0	0	0	0	0	0	0
OTU_636	0	0	0	0	0	0	0	3	0	0	0	0	0	0	0	0	0	0	0	0	0	0	0	0	0	0	0	0	0	0	0	0
OTU_637	0	0	0	0	0	0	0	0	0	0	0	0	0	0	0	0	0	0	0	0	0	0	0	0	0	0	0	0	0	0	0	3
OTU_638	0	0	0	0	0	0	0	0	0	0	1	0	0	0	0	0	0	0	0	0	0	0	0	0	0	0	0	0	0	0	0	2
OTU_639	0	3	0	0	0	0	0	0	0	0	0	0	0	0	0	0	0	0	0	0	0	0	0	0	0	0	0	0	0	0	0	0
OTU_640	0	0	0	0	0	0	0	0	0	0	0	0	0	1	0	0	0	0	0	0	0	0	0	2	0	0	0	0	0	0	0	0
OTU_641	2	0	0	0	0	0	0	0	0	0	0	0	0	0	0	0	0	0	0	0	0	0	1	0	0	0	0	0	0	0	0	0
OTU_642	0	2	0	0	0	0	0	0	0	0	0	0	0	0	0	0	0	0	0	0	0	0	0	0	0	0	0	1	0	0	0	0
OTU_643	0	0	0	0	0	0	0	0	0	0	0	0	0	2	0	0	0	0	0	0	0	1	0	0	0	0	0	0	0	0	0	0
OTU_644	0	0	0	0	0	0	0	0	0	0	2	0	0	0	0	0	0	0	0	0	0	0	0	0	0	0	0	0	0	0	0	0
OTU_645	0	0	0	0	0	0	0	0	0	0	0	0	0	0	0	0	0	2	0	0	0	0	0	0	0	0	0	0	0	0	0	0
OTU_646	0	0	0	0	0	0	0	0	1	0	0	0	0	0	0	0	0	0	1	0	0	0	0	0	0	0	0	0	0	0	0	0
OTU_647	0	0	0	0	0	0	0	0	0	0	0	0	0	0	0	0	0	1	0	0	0	0	0	0	0	1	0	0	0	0	0	0
OTU_648	0	0	1	0	0	0	0	0	0	0	0	0	0	0	0	0	0	0	0	0	0	0	0	0	0	0	0	0	0	0	1	0
OTU_649	0	0	0	0	0	0	0	0	0	0	0	0	0	0	0	0	0	0	0	2	0	0	0	0	0	0	0	0	0	0	0	0
OTU_650	1	0	0	0	0	0	0	0	0	0	0	0	0	0	0	0	0	0	0	0	0	0	0	0	0	0	1	0	0	0	0	0